15:15:34.344 314.25 -21.13 -2.84
15:15:34.344 314.26 -21.13 -2.84
15:15:34.344 314.28 -21.13 -2.84
15:15:34.378 314.30 -21.13 -2.84
15:15:34.378 314.31 -21.13 -2.84
15:15:34.378 314.34 -21.13 -2.83
15:15:34.411 314.36 -21.13 -2.83
15:15:34.411 314.37 -21.13 -2.83
15:15:34.444 314.39 -21.13 -2.84
15:15:34.444 314.40 -21.13 -2.84
15:15:34.444 314.40 -21.13 -2.84
15:15:34.478 314.44 -21.13 -2.84
15:15:34.478 314.46 -21.12 -2.84
15:15:34.478 314.49 -21.12 -2.84
15:15:34.512 314.52 -21.12 -2.84
15:15:34.512 314.54 -21.12 -2.84
15:15:34.546 314.56 -21.12 -2.84
15:15:34.546 314.57 -21.12 -2.84
15:15:34.546 314.59 -21.12 -2.84
15:15:34.584 314.60 -21.12 -2.84
15:15:34.584 314.62 -21.12 -2.84
15:15:34.584 314.57 -21.12 -2.84
15:15:34.584 314.54 -21.12 -2.84
15:15:34.614 314.50 -21.12 -2.84
15:15:34.614 314.48 -21.12 -2.84
15:15:34.649 314.45 -21.12 -2.84
15:15:34.649 314.43 -21.12 -2.84
15:15:34.649 314.40 -21.12 -2.84
15:15:34.682 314.38 -21.12 -2.84
15:15:34.682 314.37 -21.12 -2.84
15:15:34.682 314.35 -21.12 -2.84
15:15:34.716 314.39 -21.13 -2.84
15:15:34.716 314.41 -21.13 -2.84
15:15:34.750 314.44 -21.13 -2.84
15:15:34.750 314.46 -21.13 -2.84
15:15:34.750 314.48 -21.13 -2.84
15:15:34.784 314.50 -21.13 -2.85
15:15:34.784 314.51 -21.13 -2.85
15:15:34.784 314.53 -21.13 -2.85
15:15:34.819 314.54 -21.13 -2.84
15:15:34.819 314.56 -21.13 -2.84
15:15:34.819 314.58 -21.13 -2.84
15:15:34.853 314.60 -21.13 -2.84
15:15:34.853 314.61 -21.13 -2.84
15:15:34.853 314.62 -21.13 -2.84
15:15:34.887 314.64 -21.13 -2.84
15:15:34.887 314.66 -21.13 -2.84
15:15:34.887 314.67 -21.13 -2.84
15:15:34.921 314.70 -21.14 -2.84
15:15:34.921 314.71 -21.14 -2.84
15:15:34.954 314.73 -21.15 -2.84
15:15:34.954 314.73 -21.16 -2.84
15:15:34.954 314.85 -21.16 -2.84
15:15:34.988 314.97 -21.17 -2.84
15:15:34.988 315.07 -21.18 -2.84
15:15:34.988 315.16 -21.18 -2.84
15:15:35.021 315.25 -21.19 -2.84
15:15:35.021 315.32 -21.20 -2.84
15:15:35.055 315.39 -21.20 -2.84
15:15:35.055 315.44 -21.21 -2.84
15:15:35.055 315.50 -21.21 -2.83
15:15:35.090 315.54 -21.22 -2.83
15:15:35.090 315.47 -21.22 -2.83
15:15:35.123 315.40 -21.23 -2.82
15:15:35.123 315.35 -21.23 -2.82
15:15:35.123 315.29 -21.24 -2.82
15:15:35.123 315.25 -21.24 -2.82
15:15:35.156 315.21 -21.25 -2.81
15:15:35.156 315.16 -21.25 -2.81
15:15:35.156 315.13 -21.26 -2.82
15:15:35.190 315.10 -21.27 -2.82
15:15:35.190 315.08 -21.27 -2.82
15:15:35.190 315.05 -21.28 -2.82
15:15:35.224 315.00 -21.29 -2.82
15:15:35.224 314.95 -21.29 -2.82
15:15:35.258 314.91 -21.30 -2.83
15:15:35.258 314.86 -21.31 -2.83
15:15:35.258 314.82 -21.31 -2.83
15:15:35.291 314.79 -21.32 -2.84
15:15:35.291 314.76 -21.32 -2.84
15:15:35.326 314.74 -21.33 -2.85
15:15:35.326 314.72 -21.34 -2.85
15:15:35.326 314.69 -21.34 -2.85
15:15:35.360 314.63 -21.35 -2.86
15:15:35.360 314.57 -21.35 -2.86
15:15:35.360 314.52 -21.35 -2.87
15:15:35.396 314.48 -21.35 -2.87
15:15:35.396 314.44 -21.36 -2.88
15:15:35.396 314.40 -21.36 -2.88
15:15:35.396 314.37 -21.36 -2.89
15:15:35.429 314.34 -21.36 -2.89
15:15:35.429 314.31 -21.36 -2.90
15:15:35.462 314.28 -21.36 -2.90
15:15:35.462 314.26 -21.36 -2.90
15:15:35.462 314.24 -21.37 -2.91
15:15:35.497 314.23 -21.37 -2.91
15:15:35.497 314.21 -21.37 -2.91
15:15:35.497 314.20 -21.37 -2.91
15:15:35.531 314.18 -21.36 -2.91
15:15:35.531 314.17 -21.36 -2.91
15:15:35.564 314.16 -21.36 -2.91
15:15:35.564 314.16 -21.36 -2.92
15:15:35.564 314.14 -21.36 -2.92
15:15:35.597 314.13 -21.35 -2.92
15:15:35.597 314.09 -21.35 -2.92
15:15:35.631 314.05 -21.35 -2.92
15:15:35.631 314.02 -21.34 -2.92
15:15:35.631 313.99 -21.34 -2.92
15:15:35.666 313.96 -21.34 -2.92
15:15:35.666 313.93 -21.34 -2.92
15:15:35.666 313.91 -21.34 -2.92
15:15:35.700 313.89 -21.33 -2.92
15:15:35.700 313.87 -21.33 -2.92
15:15:35.700 313.86 -21.33 -2.92
15:15:35.700 313.75 -21.33 -2.92
15:15:35.736 313.65 -21.33 -2.92
15:15:35.736 313.57 -21.33 -2.93
15:15:35.768 313.48 -21.32 -2.93
15:15:35.768 313.41 -21.32 -2.93
15:15:35.768 313.34 -21.32 -2.94
15:15:35.803 313.29 -21.32 -2.94
15:15:35.803 313.24 -21.32 -2.95
15:15:35.836 313.19 -21.32 -2.95
15:15:35.836 313.14 -21.32 -2.96
15:15:35.836 313.30 -21.32 -2.97
15:15:35.871 313.43 -21.32 -2.97
15:15:35.871 313.54 -21.32 -2.97
15:15:35.871 313.64 -21.32 -2.98
15:15:35.906 313.74 -21.32 -2.98
15:15:35.906 313.82 -21.31 -2.98
15:15:35.940 313.91 -21.31 -2.97
15:15:35.940 313.98 -21.31 -2.97
15:15:35.940 314.05 -21.31 -2.97
15:15:35.940 314.12 -21.31 -2.96
15:15:35.973 314.17 -21.30 -2.96
15:15:35.973 314.29 -21.30 -2.95
15:15:35.973 314.40 -21.30 -2.94
15:15:36.007 314.51 -21.29 -2.94
15:15:36.007 314.60 -21.29 -2.93
15:15:36.040 314.69 -21.29 -2.92
15:15:36.040 314.78 -21.28 -2.91
15:15:36.040 314.85 -21.28 -2.91
15:15:36.074 314.91 -21.28 -2.90
15:15:36.074 314.98 -21.27 -2.89
15:15:36.074 315.04 -21.27 -2.89
15:15:36.109 315.21 -21.26 -2.88
15:15:36.109 315.37 -21.26 -2.87
15:15:36.144 315.52 -21.26 -2.87
15:15:36.144 315.65 -21.25 -2.86
15:15:36.144 315.77 -21.25 -2.85
15:15:36.178 315.87 -21.24 -2.85
15:15:36.178 315.98 -21.24 -2.84
15:15:36.178 316.07 -21.23 -2.83
15:15:36.212 316.16 -21.23 -2.82
15:15:36.212 316.24 -21.22 -2.82
15:15:36.212 316.11 -21.22 -2.81
15:15:36.212 316.00 -21.22 -2.80
15:15:36.247 315.90 -21.21 -2.80
15:15:36.247 315.81 -21.21 -2.80
15:15:36.280 315.74 -21.21 -2.80
15:15:36.280 315.66 -21.22 -2.80
15:15:36.280 315.60 -21.22 -2.80
15:15:36.312 315.55 -21.22 -2.80
15:15:36.312 315.49 -21.23 -2.81
15:15:36.345 315.43 -21.24 -2.81
15:15:36.345 315.39 -21.24 -2.82
15:15:36.345 315.34 -21.25 -2.82
15:15:36.380 315.30 -21.25 -2.83
15:15:36.380 315.27 -21.26 -2.83
15:15:36.380 315.24 -21.27 -2.84
15:15:36.413 315.21 -21.27 -2.85
15:15:36.413 315.18 -21.28 -2.85
15:15:36.447 315.15 -21.29 -2.86
15:15:36.447 315.13 -21.29 -2.86
15:15:36.447 315.10 -21.30 -2.87
15:15:36.483 315.08 -21.30 -2.87
15:15:36.483 314.93 -21.31 -2.88
15:15:36.483 314.80 -21.31 -2.88
15:15:36.483 314.69 -21.32 -2.89
15:15:36.517 314.58 -21.33 -2.89
15:15:36.517 314.48 -21.33 -2.90
15:15:36.550 314.39 -21.34 -2.90
15:15:36.550 314.31 -21.34 -2.91
15:15:36.550 314.24 -21.35 -2.91
15:15:36.584 314.18 -21.36 -2.92
15:15:36.584 314.12 -21.36 -2.93
15:15:36.584 314.22 -21.37 -2.93
15:15:36.617 314.28 -21.38 -2.94
15:15:36.617 314.33 -21.38 -2.94
15:15:36.650 314.37 -21.38 -2.94
15:15:36.650 314.42 -21.39 -2.94
15:15:36.650 314.43 -21.39 -2.94
15:15:36.684 314.38 -21.39 -2.94
15:15:36.684 314.23 -21.39 -2.94
15:15:36.684 314.26 -21.39 -2.96
15:15:36.718 314.31 -21.39 -3.01
15:15:36.718 314.35 -21.39 -3.06
15:15:36.752 314.39 -21.38 -3.11
15:15:36.752 314.45 -21.37 -3.14
15:15:36.752 314.50 -21.35 -3.15
15:15:36.786 314.51 -21.32 -3.15
15:15:36.786 314.51 -21.28 -3.15
15:15:36.786 314.55 -21.22 -3.16
15:15:36.786 314.59 -21.15 -3.16
15:15:36.819 314.62 -21.08 -3.17
15:15:36.819 314.59 -21.00 -3.17
15:15:36.855 314.50 -20.91 -3.18
15:15:36.855 314.34 -20.80 -3.18
15:15:36.855 314.22 -20.68 -3.18
15:15:36.888 314.18 -20.53 -3.19
15:15:36.888 314.26 -20.37 -3.22
15:15:36.888 314.35 -20.20 -3.27
15:15:36.922 314.39 -20.02 -3.34
15:15:36.922 314.34 -19.81 -3.42
15:15:36.956 314.28 -19.58 -3.51
15:15:36.956 314.23 -19.33 -3.61
15:15:36.956 314.21 -19.05 -3.72
15:15:36.989 314.37 -18.74 -3.83
15:15:36.989 314.43 -18.42 -3.96
15:15:37.022 314.14 -18.08 -4.11
15:15:37.022 313.81 -17.71 -4.27
15:15:37.022 313.49 -17.31 -4.44
15:15:37.055 313.29 -16.87 -4.61
15:15:37.055 313.12 -16.39 -4.80
15:15:37.055 313.03 -15.87 -4.99
15:15:37.089 312.95 -15.32 -5.19
15:15:37.089 312.91 -14.73 -5.40
15:15:37.123 312.72 -14.12 -5.61
15:15:37.123 312.37 -13.48 -5.82
15:15:37.123 311.96 -12.81 -6.02
15:15:37.123 311.53 -12.11 -6.23
15:15:37.157 311.17 -11.38 -6.44
15:15:37.157 310.85 -10.61 -6.65
15:15:37.157 310.56 -9.81 -6.87
15:15:37.190 310.28 -8.97 -7.09
15:15:37.190 310.08 -8.09 -7.32
15:15:37.223 309.89 -7.17 -7.56
15:15:37.223 309.75 -6.22 -7.80
15:15:37.223 309.61 -5.23 -8.06
15:15:37.257 309.34 -4.20 -8.34
15:15:37.257 309.03 -3.14 -8.64
15:15:37.291 308.90 -2.04 -8.96
15:15:37.291 308.84 -0.91 -9.31
15:15:37.291 308.75 0.27 -9.66
15:15:37.327 308.56 1.47 -10.02
15:15:37.327 308.31 2.71 -10.39
15:15:37.327 308.13 3.98 -10.76
15:15:37.362 308.13 5.28 -11.15
15:15:37.362 307.78 6.60 -11.55
15:15:37.362 307.35 7.95 -11.97
15:15:37.362 306.75 9.32 -12.41
15:15:37.395 306.05 10.73 -12.87
15:15:37.395 305.22 12.18 -13.34
15:15:37.429 304.41 13.67 -13.84
15:15:37.429 303.45 15.20 -14.35
15:15:37.429 302.53 16.78 -14.88
15:15:37.461 301.57 18.40 -15.44
15:15:37.461 301.23 20.08 -16.02
15:15:37.497 300.28 21.79 -16.62
15:15:37.497 299.08 23.56 -17.22
15:15:37.497 297.94 25.37 -17.82
15:15:37.530 296.92 27.24 -18.44
15:15:37.530 296.63 29.15 -19.06
15:15:37.530 298.21 31.10 -19.67
15:15:37.565 299.67 33.07 -20.27
15:15:37.565 299.01 35.03 -20.85
15:15:37.598 297.89 36.99 -21.40
15:15:37.598 296.86 38.96 -21.95
15:15:37.598 296.46 40.94 -22.48
15:15:37.632 297.98 42.93 -23.00
15:15:37.632 300.24 44.93 -23.50
15:15:37.632 301.12 46.91 -23.96
15:15:37.666 301.85 48.87 -24.40
15:15:37.666 302.05 50.82 -24.81
15:15:37.666 302.05 52.76 -25.22
15:15:37.666 302.86 54.70 -25.60
15:15:37.699 305.71 56.64 -25.96
15:15:37.699 310.93 58.58 -26.29
15:15:37.732 316.04 60.50 -26.59
15:15:37.732 321.16 62.40 -26.85
15:15:37.732 325.75 64.24 -27.07
15:15:37.766 329.33 66.04 -27.26
15:15:37.766 332.62 67.79 -27.40
15:15:37.799 335.33 69.51 -27.51
15:15:37.799 338.19 71.20 -27.58
15:15:37.799 342.04 72.86 -27.60
15:15:37.833 346.93 74.51 -27.58
15:15:37.833 351.97 76.12 -27.52
15:15:37.833 356.98 77.68 -27.41
15:15:37.867 1.46 79.19 -27.27
15:15:37.867 4.86 80.65 -27.10
15:15:37.901 7.47 82.06 -26.90
15:15:37.901 9.94 83.42 -26.67
15:15:37.901 12.88 84.74 -26.41
15:15:37.935 16.51 86.01 -26.10
15:15:37.935 20.21 87.24 -25.75
15:15:37.935 23.56 88.41 -25.36
15:15:37.968 27.11 89.51 -24.93
15:15:37.968 30.44 90.54 -24.47
15:15:38.001 31.38 91.48 -23.96
15:15:38.001 32.05 92.33 -23.41
15:15:38.001 32.59 93.08 -22.84
15:15:38.036 33.04 93.74 -22.23
15:15:38.036 33.42 94.31 -21.59
15:15:38.036 33.41 94.78 -20.92
15:15:38.036 32.70 95.13 -20.20
15:15:38.068 31.13 95.35 -19.41
15:15:38.068 28.94 95.43 -18.56
15:15:38.103 27.81 95.35 -17.63
15:15:38.103 27.23 95.15 -16.65
15:15:38.103 25.40 94.82 -15.62
15:15:38.137 23.01 94.38 -14.54
15:15:38.137 19.93 93.84 -13.43
15:15:38.137 16.12 93.19 -12.29
15:15:38.171 12.77 92.42 -11.11
15:15:38.171 9.12 91.53 -9.92
15:15:38.205 5.68 90.51 -8.72
15:15:38.205 3.40 89.36 -7.52
15:15:38.205 1.97 88.10 -6.31
15:15:38.240 0.45 86.74 -5.09
15:15:38.240 357.10 85.29 -3.87
15:15:38.274 352.82 83.75 -2.65
15:15:38.274 348.81 82.12 -1.43
15:15:38.274 345.15 80.37 -0.22
15:15:38.274 342.34 78.51 0.97
15:15:38.307 340.26 76.55 2.14
15:15:38.307 338.08 74.49 3.29
15:15:38.307 335.67 72.33 4.41
15:15:38.342 333.60 70.08 5.49
15:15:38.342 331.70 67.76 6.53
15:15:38.342 329.50 65.35 7.51
15:15:38.376 327.79 62.86 8.44
15:15:38.376 326.57 60.30 9.30
15:15:38.411 325.54 57.68 10.11
15:15:38.411 324.51 55.01 10.86
15:15:38.411 323.61 52.28 11.55
15:15:38.444 322.85 49.50 12.19
15:15:38.444 322.58 46.68 12.78
15:15:38.444 322.95 43.82 13.32
15:15:38.480 323.34 40.94 13.82
15:15:38.480 323.51 38.06 14.27
15:15:38.513 322.64 35.18 14.67
15:15:38.513 322.22 32.30 15.03
15:15:38.513 321.95 29.42 15.35
15:15:38.546 321.58 26.55 15.63
15:15:38.546 321.77 23.68 15.88
15:15:38.546 322.57 20.83 16.10
15:15:38.546 323.31 18.00 16.30
15:15:38.581 324.24 15.20 16.47
15:15:38.581 324.42 12.45 16.62
15:15:38.615 325.10 9.75 16.75
15:15:38.615 325.30 7.10 16.88
15:15:38.615 324.82 4.49 17.00
15:15:38.648 325.15 1.92 17.12
15:15:38.648 326.39 -0.62 17.21
15:15:38.648 328.19 -3.14 17.27
15:15:38.682 329.76 -5.62 17.31
15:15:38.682 331.45 -8.05 17.33
15:15:38.716 332.29 -10.44 17.35
15:15:38.716 333.11 -12.78 17.35
15:15:38.716 334.32 -15.09 17.33
15:15:38.751 333.51 -17.38 17.28
15:15:38.751 332.88 -19.65 17.18
15:15:38.751 332.47 -21.90 17.03
15:15:38.785 332.32 -24.15 16.79
15:15:38.785 333.16 -26.38 16.48
15:15:38.819 334.68 -28.61 16.09
15:15:38.819 335.69 -30.81 15.64
15:15:38.819 336.13 -32.96 15.15
15:15:38.819 336.50 -35.05 14.63
15:15:38.854 336.95 -37.06 14.07
15:15:38.854 337.58 -39.01 13.48
15:15:38.854 336.54 -40.89 12.85
15:15:38.888 335.67 -42.73 12.19
15:15:38.888 332.87 -44.54 11.49
15:15:38.922 331.35 -46.33 10.76
15:15:38.922 331.29 -48.09 10.00
15:15:38.922 330.98 -49.83 9.20
15:15:38.955 329.98 -51.54 8.36
15:15:38.955 329.10 -53.20 7.50
15:15:38.955 327.88 -54.79 6.65
15:15:38.989 326.10 -56.31 5.80
15:15:38.989 326.16 -57.75 4.97
15:15:39.022 326.29 -59.14 4.15
15:15:39.022 326.12 -60.48 3.35
15:15:39.022 325.30 -61.77 2.56
15:15:39.057 325.48 -63.01 1.80
15:15:39.057 325.11 -64.19 1.04
15:15:39.057 323.67 -65.30 0.31
15:15:39.057 321.26 -66.32 -0.40
15:15:39.092 320.46 -67.22 -1.07
15:15:39.092 320.64 -68.03 -1.72
15:15:39.125 321.38 -68.75 -2.34
15:15:39.125 322.10 -69.40 -2.95
15:15:39.125 322.01 -69.98 -3.54
15:15:39.159 320.84 -70.50 -4.11
15:15:39.159 319.14 -70.92 -4.66
15:15:39.159 317.10 -71.22 -5.19
15:15:39.193 315.96 -71.41 -5.72
15:15:39.193 314.79 -71.49 -6.27
15:15:39.227 313.42 -71.48 -6.84
15:15:39.227 311.49 -71.38 -7.43
15:15:39.227 310.61 -71.21 -8.02
15:15:39.262 310.52 -70.97 -8.61
15:15:39.262 309.82 -70.67 -9.18
15:15:39.297 309.05 -70.29 -9.73
15:15:39.297 308.19 -69.83 -10.24
15:15:39.297 307.49 -69.30 -10.69
15:15:39.330 306.36 -68.68 -11.10
15:15:39.330 304.94 -67.97 -11.48
15:15:39.330 303.09 -67.17 -11.84
15:15:39.330 301.21 -66.27 -12.21
15:15:39.362 298.72 -65.25 -12.60
15:15:39.362 296.26 -64.11 -12.99
15:15:39.362 294.42 -62.84 -13.41
15:15:39.396 292.56 -61.45 -13.87
15:15:39.396 290.61 -59.94 -14.36
15:15:39.431 288.15 -58.32 -14.88
15:15:39.431 285.89 -56.59 -15.44
15:15:39.431 283.37 -54.75 -16.02
15:15:39.465 281.07 -52.79 -16.62
15:15:39.465 280.64 -50.71 -17.22
15:15:39.465 279.91 -48.55 -17.81
15:15:39.499 280.97 -46.30 -18.37
15:15:39.499 281.11 -43.99 -18.89
15:15:39.533 280.57 -41.61 -19.37
15:15:39.533 280.19 -39.18 -19.83
15:15:39.533 279.86 -36.69 -20.26
15:15:39.567 279.64 -34.14 -20.66
15:15:39.567 280.10 -31.55 -21.03
15:15:39.602 280.62 -28.90 -21.37
15:15:39.602 281.24 -26.21 -21.66
15:15:39.602 281.49 -23.48 -21.91
15:15:39.602 281.48 -20.71 -22.12
15:15:39.637 281.56 -17.89 -22.30
15:15:39.637 281.82 -15.03 -22.45
15:15:39.637 282.41 -12.13 -22.57
15:15:39.670 283.60 -9.19 -22.66
15:15:39.670 285.49 -6.23 -22.71
15:15:39.703 287.26 -3.25 -22.73
15:15:39.703 288.61 -0.27 -22.73
15:15:39.703 289.76 2.70 -22.71
15:15:39.737 290.86 5.66 -22.67
15:15:39.737 291.93 8.61 -22.61
15:15:39.737 293.37 11.53 -22.53
15:15:39.771 295.93 14.43 -22.44
15:15:39.771 299.14 17.28 -22.32
15:15:39.804 302.45 20.08 -22.19
15:15:39.804 304.86 22.78 -22.06
15:15:39.804 306.13 25.40 -21.92
15:15:39.837 306.63 27.94 -21.79
15:15:39.837 307.13 30.39 -21.67
15:15:39.837 308.00 32.76 -21.55
15:15:39.870 310.52 35.06 -21.43
15:15:39.870 310.83 37.28 -21.30
15:15:39.904 313.81 39.40 -21.18
15:15:39.904 315.45 41.41 -21.06
15:15:39.904 316.72 43.28 -20.94
15:15:39.937 318.33 45.01 -20.82
15:15:39.937 319.10 46.57 -20.69
15:15:39.937 319.41 47.99 -20.54
15:15:39.937 320.07 49.29 -20.38
15:15:39.971 321.37 50.48 -20.20
15:15:39.971 322.74 51.57 -20.02
15:15:40.007 323.27 52.57 -19.83
15:15:40.007 323.99 53.49 -19.62
15:15:40.007 324.46 54.36 -19.40
15:15:40.040 324.36 55.18 -19.17
15:15:40.040 325.98 55.97 -18.92
15:15:40.040 327.45 56.71 -18.67
15:15:40.073 329.58 57.41 -18.43
15:15:40.073 329.56 58.05 -18.22
15:15:40.108 329.41 58.63 -18.04
15:15:40.108 329.14 59.18 -17.90
15:15:40.108 328.79 59.71 -17.79
15:15:40.141 328.58 60.22 -17.69
15:15:40.141 329.08 60.72 -17.60
15:15:40.175 331.13 61.20 -17.51
15:15:40.175 333.02 61.63 -17.42
15:15:40.175 333.73 61.98 -17.33
15:15:40.209 334.40 62.24 -17.23
15:15:40.209 334.88 62.40 -17.10
15:15:40.209 335.40 62.46 -16.94
15:15:40.209 336.07 62.42 -16.78
15:15:40.242 336.50 62.26 -16.60
15:15:40.242 336.15 61.97 -16.39
15:15:40.242 335.26 61.54 -16.15
15:15:40.276 334.34 60.98 -15.88
15:15:40.276 333.46 60.30 -15.59
15:15:40.309 332.67 59.52 -15.29
15:15:40.309 331.85 58.67 -14.98
15:15:40.309 330.88 57.75 -14.69
15:15:40.342 330.06 56.78 -14.42
15:15:40.342 329.43 55.77 -14.16
15:15:40.376 329.08 54.73 -13.91
15:15:40.376 328.41 53.68 -13.68
15:15:40.376 327.81 52.60 -13.48
15:15:40.410 327.01 51.51 -13.32
15:15:40.410 326.20 50.41 -13.20
15:15:40.410 325.54 49.31 -13.10
15:15:40.444 324.97 48.22 -13.04
15:15:40.444 324.34 47.13 -13.00
15:15:40.478 323.84 46.05 -12.98
15:15:40.478 323.47 44.98 -12.97
15:15:40.478 322.93 43.92 -12.98
15:15:40.512 322.44 42.88 -13.00
15:15:40.512 321.85 41.85 -13.03
15:15:40.512 321.25 40.83 -13.07
15:15:40.546 320.74 39.82 -13.12
15:15:40.546 320.25 38.83 -13.18
15:15:40.546 319.66 37.84 -13.25
15:15:40.546 319.10 36.87 -13.32
15:15:40.579 318.49 35.92 -13.40
15:15:40.579 317.82 34.98 -13.49
15:15:40.613 317.42 34.07 -13.58
15:15:40.613 317.14 33.18 -13.69
15:15:40.613 316.85 32.30 -13.80
15:15:40.647 317.03 31.41 -13.91
15:15:40.647 316.87 30.51 -14.03
15:15:40.680 316.43 29.58 -14.15
15:15:40.680 315.83 28.63 -14.27
15:15:40.680 315.29 27.66 -14.40
15:15:40.714 314.69 26.68 -14.53
15:15:40.714 314.32 25.69 -14.68
15:15:40.714 314.15 24.70 -14.84
15:15:40.748 314.64 23.69 -15.00
15:15:40.748 314.91 22.65 -15.17
15:15:40.782 315.17 21.58 -15.33
15:15:40.782 315.26 20.45 -15.49
15:15:40.782 315.14 19.29 -15.63
15:15:40.817 314.87 18.08 -15.77
15:15:40.817 314.50 16.84 -15.91
15:15:40.817 314.32 15.57 -16.05
15:15:40.817 314.66 14.28 -16.20
15:15:40.851 315.39 12.97 -16.36
15:15:40.851 315.95 11.63 -16.52
15:15:40.886 316.55 10.25 -16.67
15:15:40.886 316.22 8.83 -16.82
15:15:40.886 315.40 7.39 -16.97
15:15:40.920 314.59 5.95 -17.11
15:15:40.920 314.51 4.50 -17.23
15:15:40.920 314.79 3.05 -17.33
15:15:40.953 315.14 1.60 -17.42
15:15:40.953 315.39 0.15 -17.52
15:15:40.988 315.45 -1.30 -17.63
15:15:40.988 315.43 -2.74 -17.75
15:15:40.988 315.48 -4.17 -17.86
15:15:41.023 315.58 -5.59 -17.97
15:15:41.023 315.83 -6.98 -18.08
15:15:41.023 316.12 -8.35 -18.19
15:15:41.056 316.41 -9.70 -18.30
15:15:41.056 316.79 -11.03 -18.42
15:15:41.056 317.03 -12.33 -18.55
15:15:41.090 317.08 -13.60 -18.68
15:15:41.090 316.95 -14.85 -18.82
15:15:41.090 316.92 -16.05 -18.97
15:15:41.123 317.04 -17.22 -19.14
15:15:41.123 314.97 -18.35 -19.33
15:15:41.123 314.61 -19.42 -19.53
15:15:41.156 314.61 -20.45 -19.76
15:15:41.156 314.66 -21.45 -20.01
15:15:41.190 314.17 -22.42 -20.27
15:15:41.190 313.84 -23.37 -20.53
15:15:41.190 313.83 -24.29 -20.77
15:15:41.224 313.78 -25.19 -21.00
15:15:41.224 314.07 -26.08 -21.20
15:15:41.224 314.35 -26.96 -21.39
15:15:41.257 314.78 -27.82 -21.58
15:15:41.257 315.15 -28.68 -21.75
15:15:41.291 315.06 -29.53 -21.94
15:15:41.291 314.71 -30.36 -22.12
15:15:41.291 314.47 -31.19 -22.30
15:15:41.326 314.48 -31.99 -22.47
15:15:41.326 314.72 -32.77 -22.65
15:15:41.360 314.74 -33.53 -22.82
15:15:41.360 314.52 -34.27 -22.99
15:15:41.360 314.62 -34.99 -23.16
15:15:41.360 314.44 -35.68 -23.33
15:15:41.393 313.81 -36.35 -23.51
15:15:41.393 313.62 -36.99 -23.70
15:15:41.393 313.64 -37.61 -23.88
15:15:41.426 313.82 -38.20 -24.07
15:15:41.426 313.68 -38.77 -24.26
15:15:41.426 314.30 -39.31 -24.47
15:15:41.463 314.62 -39.84 -24.70
15:15:41.463 314.46 -40.36 -24.95
15:15:41.496 313.88 -40.86 -25.22
15:15:41.496 313.07 -41.33 -25.48
15:15:41.496 312.64 -41.77 -25.73
15:15:41.530 312.64 -42.17 -25.96
15:15:41.530 313.44 -42.55 -26.19
15:15:41.563 314.96 -42.90 -26.41
15:15:41.563 315.90 -43.26 -26.64
15:15:41.563 316.31 -43.63 -26.86
15:15:41.598 316.49 -44.02 -27.09
15:15:41.598 317.00 -44.43 -27.32
15:15:41.598 317.04 -44.84 -27.56
15:15:41.632 316.53 -45.27 -27.82
15:15:41.632 315.23 -45.69 -28.10
15:15:41.632 314.69 -46.09 -28.40
15:15:41.632 314.95 -46.47 -28.72
15:15:41.666 315.93 -46.83 -29.09
15:15:41.666 318.04 -47.18 -29.51
15:15:41.700 320.00 -47.53 -29.98
15:15:41.700 323.29 -47.88 -30.50
15:15:41.700 326.83 -48.27 -31.08
15:15:41.734 330.19 -48.70 -31.71
15:15:41.734 332.88 -49.20 -32.41
15:15:41.769 334.21 -49.78 -33.16
15:15:41.769 334.59 -50.43 -33.96
15:15:41.769 335.71 -51.14 -34.82
15:15:41.803 337.41 -51.93 -35.72
15:15:41.803 339.27 -52.79 -36.68
15:15:41.803 340.41 -53.71 -37.67
15:15:41.836 339.80 -54.70 -38.70
15:15:41.836 334.52 -55.72 -39.73
15:15:41.870 335.04 -56.74 -40.76
15:15:41.870 337.62 -57.75 -41.78
15:15:41.870 340.13 -58.76 -42.80
15:15:41.906 341.67 -59.77 -43.81
15:15:41.906 342.08 -60.78 -44.81
15:15:41.906 341.92 -61.79 -45.81
15:15:41.906 340.91 -62.78 -46.81
15:15:41.939 339.11 -63.75 -47.80
15:15:41.939 336.22 -64.67 -48.79
15:15:41.939 331.74 -65.52 -49.78
15:15:41.973 328.35 -66.28 -50.78
15:15:41.973 326.12 -66.93 -51.77
15:15:42.007 324.87 -67.47 -52.77
15:15:42.007 315.93 -67.89 -53.79
15:15:42.007 278.80 -68.13 -54.84
15:15:42.040 246.19 -68.02 -55.89
15:15:42.040 231.00 -67.44 -56.93
15:15:42.075 226.96 -66.37 -57.91
15:15:42.075 225.57 -64.85 -58.80
15:15:42.075 225.89 -62.96 -59.58
15:15:42.110 226.65 -60.76 -60.24
15:15:42.110 224.06 -58.32 -60.79
15:15:42.110 221.63 -55.68 -61.23
15:15:42.144 219.69 -52.86 -61.55
15:15:42.144 220.08 -49.90 -61.74
15:15:42.144 224.82 -46.84 -61.81
15:15:42.144 227.07 -43.73 -61.74
15:15:42.178 229.36 -40.61 -61.54
15:15:42.178 231.26 -37.51 -61.20
15:15:42.211 234.07 -34.46 -60.73
15:15:42.211 238.47 -31.49 -60.17
15:15:42.211 244.64 -28.64 -59.52
15:15:42.246 249.78 -25.95 -58.81
15:15:42.246 254.27 -23.45 -58.03
15:15:42.280 258.81 -21.16 -57.19
15:15:42.280 262.56 -19.09 -56.29
15:15:42.280 265.68 -17.25 -55.30
15:15:42.315 268.22 -15.63 -54.23
15:15:42.315 270.39 -14.22 -53.06
15:15:42.315 272.46 -13.02 -51.78
15:15:42.350 274.48 -12.01 -50.39
15:15:42.350 276.58 -11.18 -48.87
15:15:42.383 278.58 -10.52 -47.24
15:15:42.383 280.28 -10.02 -45.51
15:15:42.383 281.24 -9.66 -43.67
15:15:42.383 282.52 -9.43 -41.75
15:15:42.417 283.17 -9.31 -39.74
15:15:42.417 283.79 -9.29 -37.65
15:15:42.417 283.57 -9.36 -35.47
15:15:42.450 282.80 -9.52 -33.22
15:15:42.450 282.23 -9.78 -30.92
15:15:42.484 281.60 -10.13 -28.57
15:15:42.484 280.62 -10.57 -26.23
15:15:42.484 278.94 -11.12 -23.90
15:15:42.517 277.55 -11.76 -21.60
15:15:42.517 277.69 -12.49 -19.34
15:15:42.517 276.89 -13.30 -17.12
15:15:42.552 276.27 -14.18 -14.94
15:15:42.552 277.85 -15.11 -12.80
15:15:42.585 277.91 -16.07 -10.69
15:15:42.585 276.31 -17.04 -8.64
15:15:42.585 275.04 -18.04 -6.67
15:15:42.619 273.90 -19.08 -4.78
15:15:42.619 271.89 -20.16 -2.97
15:15:42.654 269.45 -21.29 -1.22
15:15:42.654 268.97 -22.49 0.46
15:15:42.654 270.28 -23.72 2.08
15:15:42.688 271.84 -24.98 3.66
15:15:42.688 273.89 -26.24 5.18
15:15:42.688 274.84 -27.46 6.65
15:15:42.688 276.28 -28.62 8.06
15:15:42.721 275.39 -29.73 9.41
15:15:42.721 274.54 -30.77 10.71
15:15:42.721 272.47 -31.76 11.98
15:15:42.755 269.87 -32.70 13.23
15:15:42.755 269.80 -33.61 14.46
15:15:42.789 269.23 -34.48 15.66
15:15:42.789 268.00 -35.30 16.84
15:15:42.789 266.58 -36.05 17.98
15:15:42.822 265.73 -36.75 19.09
15:15:42.822 265.49 -37.38 20.16
15:15:42.857 265.25 -37.93 21.20
15:15:42.857 262.59 -38.40 22.21
15:15:42.857 261.40 -38.77 23.21
15:15:42.892 259.11 -39.04 24.22
15:15:42.892 261.54 -39.22 25.25
15:15:42.892 266.87 -39.29 26.34
15:15:42.926 272.93 -39.22 27.49
15:15:42.926 266.36 -39.01 28.69
15:15:42.960 268.99 -38.69 29.94
15:15:42.960 266.26 -38.27 31.24
15:15:42.960 259.55 -37.77 32.62
15:15:42.960 263.21 -37.24 34.05
15:15:42.995 265.22 -36.65 35.53
15:15:42.995 262.36 -36.00 37.02
15:15:42.995 260.61 -35.30 38.50
15:15:43.029 262.41 -34.56 39.96
15:15:43.029 271.32 -33.78 41.36
15:15:43.063 276.44 -32.91 42.70
15:15:43.063 277.38 -31.93 43.97
15:15:43.063 278.35 -30.84 45.18
15:15:43.096 279.94 -29.67 46.34
15:15:43.096 281.36 -28.40 47.45
15:15:43.096 281.49 -27.05 48.53
15:15:43.130 276.91 -25.64 49.58
15:15:43.130 267.71 -24.21 50.59
15:15:43.164 257.61 -22.82 51.58
15:15:43.164 251.51 -21.54 52.52
15:15:43.164 252.73 -20.39 53.40
15:15:43.199 252.56 -19.37 54.21
15:15:43.199 252.43 -18.48 54.94
15:15:43.199 249.57 -17.71 55.54
15:15:43.232 249.32 -17.09 56.01
15:15:43.232 250.48 -16.63 56.32
15:15:43.232 253.92 -16.31 56.45
15:15:43.232 256.91 -16.09 56.40
15:15:43.266 253.87 -15.98 56.18
15:15:43.266 252.74 -15.95 55.80
15:15:43.300 253.29 -16.02 55.25
15:15:43.300 253.29 -16.15 54.56
15:15:43.300 252.81 -16.33 53.74
15:15:43.336 252.02 -16.55 52.82
15:15:43.336 251.50 -16.81 51.81
15:15:43.368 251.37 -17.12 50.70
15:15:43.368 251.76 -17.49 49.50
15:15:43.368 252.54 -17.91 48.20
15:15:43.403 253.66 -18.39 46.81
15:15:43.403 255.75 -18.94 45.35
15:15:43.403 257.90 -19.54 43.82
15:15:43.437 260.14 -20.20 42.22
15:15:43.437 261.84 -20.93 40.56
15:15:43.471 263.48 -21.69 38.85
15:15:43.471 265.03 -22.47 37.09
15:15:43.471 266.66 -23.27 35.32
15:15:43.471 268.34 -24.07 33.53
15:15:43.505 270.27 -24.88 31.72
15:15:43.505 272.23 -25.69 29.89
15:15:43.505 274.09 -26.50 28.04
15:15:43.540 276.01 -27.29 26.19
15:15:43.540 278.02 -28.08 24.33
15:15:43.574 280.12 -28.86 22.47
15:15:43.574 282.22 -29.63 20.60
15:15:43.574 284.34 -30.40 18.72
15:15:43.607 286.31 -31.15 16.83
15:15:43.607 288.89 -31.89 14.93
15:15:43.607 291.57 -32.61 13.01
15:15:43.641 294.26 -33.32 11.08
15:15:43.641 296.39 -34.03 9.14
15:15:43.675 298.48 -34.74 7.17
15:15:43.675 300.53 -35.46 5.18
15:15:43.675 302.47 -36.19 3.16
15:15:43.709 304.65 -36.95 1.12
15:15:43.709 307.33 -37.72 -0.95
15:15:43.743 309.99 -38.52 -3.03
15:15:43.743 312.32 -39.35 -5.14
15:15:43.743 314.32 -40.21 -7.25
15:15:43.743 315.22 -41.09 -9.38
15:15:43.777 318.59 -41.99 -11.51
15:15:43.777 322.28 -42.93 -13.64
15:15:43.777 328.39 -43.90 -15.78
15:15:43.811 335.25 -44.95 -17.93
15:15:43.811 341.82 -46.09 -20.07
15:15:43.811 347.02 -47.36 -22.19
15:15:43.844 351.64 -48.76 -24.29
15:15:43.844 356.94 -50.31 -26.36
15:15:43.878 2.02 -52.01 -28.39
15:15:43.878 8.01 -53.86 -30.37
15:15:43.878 10.47 -55.87 -32.29
15:15:43.912 11.82 -58.03 -34.16
15:15:43.912 14.77 -60.32 -35.95
15:15:43.912 18.64 -62.74 -37.65
15:15:43.945 22.38 -65.28 -39.26
15:15:43.945 24.62 -67.94 -40.76
15:15:43.979 24.18 -70.72 -42.14
15:15:43.979 23.09 -73.58 -43.42
15:15:43.979 24.04 -76.51 -44.57
15:15:44.014 26.00 -79.48 -45.62
15:15:44.014 27.50 -82.49 -46.54
15:15:44.047 28.22 -85.52 -47.34
15:15:44.047 28.41 -88.57 -48.02
15:15:44.047 27.43 -91.64 -48.56
15:15:44.047 25.80 -94.70 -48.99
15:15:44.082 24.79 -97.74 -49.31
15:15:44.082 24.75 -100.73 -49.52
15:15:44.082 24.92 -103.69 -49.62
15:15:44.117 25.28 -106.59 -49.63
15:15:44.117 25.40 -109.44 -49.54
15:15:44.117 24.96 -112.23 -49.37
15:15:44.151 23.35 -114.97 -49.11
15:15:44.151 22.22 -117.64 -48.79
15:15:44.184 21.65 -120.23 -48.42
15:15:44.184 20.97 -122.75 -47.99
15:15:44.184 20.40 -125.20 -47.51
15:15:44.217 20.25 -127.57 -47.00
15:15:44.217 19.88 -129.87 -46.43
15:15:44.252 19.17 -132.09 -45.83
15:15:44.252 18.70 -134.24 -45.19
15:15:44.252 18.56 -136.32 -44.52
15:15:44.286 18.28 -138.32 -43.82
15:15:44.286 17.62 -140.26 -43.10
15:15:44.286 17.02 -142.11 -42.35
15:15:44.319 16.56 -143.89 -41.57
15:15:44.319 16.17 -145.60 -40.78
15:15:44.319 15.72 -147.23 -39.99
15:15:44.319 15.43 -148.78 -39.19
15:15:44.352 15.32 -150.26 -38.41
15:15:44.352 15.34 -151.65 -37.65
15:15:44.386 15.55 -152.97 -36.91
15:15:44.386 15.84 -154.23 -36.19
15:15:44.386 16.25 -155.43 -35.51
15:15:44.420 16.42 -156.58 -34.85
15:15:44.420 16.37 -157.68 -34.23
15:15:44.453 15.93 -158.74 -33.65
15:15:44.453 14.23 -159.76 -33.12
15:15:44.453 12.50 -160.72 -32.65
15:15:44.488 10.08 -161.63 -32.24
15:15:44.488 8.15 -162.47 -31.93
15:15:44.488 7.06 -163.25 -31.73
15:15:44.521 6.77 -163.97 -31.65
15:15:44.521 8.58 -164.64 -31.68
15:15:44.556 9.86 -165.28 -31.84
15:15:44.556 11.75 -165.88 -32.13
15:15:44.556 14.11 -166.47 -32.55
15:15:44.589 16.53 -166.48 -33.11
15:15:44.589 18.18 -164.83 -33.81
15:15:44.624 18.90 -161.21 -34.65
15:15:44.624 21.66 -155.97 -35.62
15:15:44.624 28.43 -149.40 -36.71
15:15:44.624 40.04 -141.79 -37.89
15:15:44.657 44.63 -133.42 -39.15
15:15:44.657 53.65 -124.49 -40.47
15:15:44.657 67.10 -115.22 -41.84
15:15:44.691 86.86 -105.80 -43.25
15:15:44.691 95.60 -96.40 -44.68
15:15:44.691 133.10 -87.21 -46.13
15:15:44.724 159.15 -78.42 -47.56
15:15:44.724 168.04 -70.21 -48.96
15:15:44.759 173.63 -62.61 -50.27
15:15:44.759 179.76 -55.62 -51.46
15:15:44.759 180.17 -49.23 -52.51
15:15:44.793 183.57 -43.37 -53.40
15:15:44.793 188.25 -38.01 -54.13
15:15:44.793 195.40 -33.11 -54.71
15:15:44.827 201.61 -28.65 -55.12
15:15:44.827 208.21 -24.61 -55.39
15:15:44.860 214.06 -20.99 -55.52
15:15:44.860 218.71 -17.78 -55.51
15:15:44.860 222.75 -14.95 -55.34
15:15:44.894 226.58 -12.47 -55.01
15:15:44.894 230.29 -10.32 -54.52
15:15:44.929 234.12 -8.46 -53.86
15:15:44.929 237.68 -6.89 -53.03
15:15:44.929 240.97 -5.57 -52.03
15:15:44.929 244.09 -4.49 -50.88
15:15:44.963 247.04 -3.62 -49.56
15:15:44.963 249.95 -2.94 -48.09
15:15:44.963 252.58 -2.44 -46.47
15:15:44.998 255.82 -2.11 -44.69
15:15:44.998 256.55 -1.91 -42.78
15:15:45.032 258.83 -1.84 -40.72
15:15:45.032 258.93 -1.89 -38.52
15:15:45.032 260.22 -2.04 -36.19
15:15:45.066 260.85 -2.29 -33.71
15:15:45.066 259.62 -2.62 -31.09
15:15:45.066 257.05 -3.04 -28.36
15:15:45.100 252.62 -3.58 -25.52
15:15:45.100 251.22 -4.23 -22.60
15:15:45.135 254.43 -5.00 -19.61
15:15:45.135 256.65 -5.86 -16.58
15:15:45.135 256.11 -6.78 -13.53
15:15:45.135 257.34 -7.75 -10.50
15:15:45.169 262.18 -8.75 -7.50
15:15:45.169 266.00 -9.76 -4.55
15:15:45.169 269.16 -10.73 -1.69
15:15:45.203 270.63 -11.66 1.08
15:15:45.203 271.76 -12.53 3.75
15:15:45.237 273.54 -13.35 6.32
15:15:45.237 274.16 -14.10 8.80
15:15:45.237 272.88 -14.80 11.21
15:15:45.271 271.28 -15.45 13.53
15:15:45.271 270.86 -16.07 15.79
15:15:45.271 273.51 -16.65 17.98
15:15:45.305 273.79 -17.17 20.12
15:15:45.305 273.83 -17.65 22.24
15:15:45.338 273.24 -18.07 24.32
15:15:45.338 277.96 -18.42 26.39
15:15:45.338 286.16 -18.67 28.45
15:15:45.372 285.67 -18.79 30.49
15:15:45.372 280.17 -18.78 32.50
15:15:45.406 275.92 -18.68 34.49
15:15:45.406 280.99 -18.49 36.45
15:15:45.406 290.75 -18.19 38.39
15:15:45.406 315.14 -17.72 40.33
15:15:45.440 357.12 -16.94 42.25
15:15:45.440 23.23 -15.68 44.17
15:15:45.440 34.20 -13.84 46.06
15:15:45.473 43.82 -11.43 47.92
15:15:45.473 49.05 -8.47 49.72
15:15:45.473 51.67 -5.03 51.44
15:15:45.507 50.68 -1.17 53.07
15:15:45.507 50.98 3.02 54.61
15:15:45.540 50.63 7.50 56.05
15:15:45.540 50.66 12.19 57.38
15:15:45.540 51.01 17.05 58.60
15:15:45.575 51.27 22.05 59.70
15:15:45.575 52.08 27.16 60.69
15:15:45.575 51.72 32.35 61.57
15:15:45.608 49.76 37.58 62.33
15:15:45.608 47.74 42.83 62.98
15:15:45.641 46.01 48.07 63.51
15:15:45.641 43.70 53.28 63.93
15:15:45.641 40.73 58.42 64.26
15:15:45.675 40.61 63.48 64.49
15:15:45.675 40.64 68.45 64.63
15:15:45.709 40.24 73.30 64.69
15:15:45.709 39.53 78.03 64.67
15:15:45.709 38.66 82.63 64.57
15:15:45.743 37.77 87.10 64.40
15:15:45.743 36.87 91.41 64.16
15:15:45.743 36.67 95.58 63.86
15:15:45.743 36.31 99.59 63.50
15:15:45.776 35.49 103.47 63.08
15:15:45.776 35.50 107.20 62.63
15:15:45.776 35.94 110.80 62.13
15:15:45.810 37.11 113.69 61.61
15:15:45.810 39.74 114.83 61.07
15:15:45.844 39.93 113.91 60.54
15:15:45.844 39.59 111.29 60.00
15:15:45.844 37.98 107.24 59.47
15:15:45.878 37.24 102.02 58.93
15:15:45.878 35.90 95.85 58.39
15:15:45.911 33.91 88.90 57.87
15:15:45.911 31.95 81.34 57.37
15:15:45.911 28.56 73.31 56.90
15:15:45.945 25.21 64.92 56.46
15:15:45.945 21.06 56.29 56.08
15:15:45.945 15.73 47.48 55.77
15:15:45.979 14.81 38.58 55.53
15:15:45.979 14.91 29.66 55.36
15:15:46.013 14.99 20.79 55.23
15:15:46.013 16.21 12.04 55.15
15:15:46.013 17.90 3.47 55.10
15:15:46.048 14.59 -4.87 55.08
15:15:46.048 17.05 -12.92 55.12
15:15:46.048 20.68 -20.65 55.20
15:15:46.048 22.98 -28.02 55.33
15:15:46.082 23.90 -34.98 55.51
15:15:46.082 27.32 -41.52 55.75
15:15:46.115 30.47 -47.62 56.02
15:15:46.115 33.65 -53.26 56.32
15:15:46.115 35.22 -58.44 56.64
15:15:46.150 36.16 -63.16 56.96
15:15:46.150 38.68 -67.43 57.28
15:15:46.150 52.12 -71.26 57.60
15:15:46.184 63.70 -74.62 57.89
15:15:46.184 72.42 -77.49 58.14
15:15:46.218 78.71 -79.86 58.33
15:15:46.218 80.94 -81.77 58.44
15:15:46.218 81.45 -83.24 58.46
15:15:46.251 81.40 -84.33 58.41
15:15:46.251 81.11 -85.08 58.28
15:15:46.251 80.71 -85.56 58.07
15:15:46.286 80.00 -85.79 57.79
15:15:46.286 79.19 -85.82 57.44
15:15:46.320 77.68 -85.67 57.01
15:15:46.320 76.49 -85.36 56.50
15:15:46.320 75.83 -84.92 55.90
15:15:46.320 74.81 -84.35 55.21
15:15:46.354 73.74 -83.67 54.43
15:15:46.354 72.67 -82.90 53.59
15:15:46.354 71.49 -82.06 52.68
15:15:46.388 70.24 -81.18 51.70
15:15:46.388 68.68 -80.26 50.65
15:15:46.421 66.87 -79.33 49.53
15:15:46.421 67.70 -78.39 48.34
15:15:46.421 67.32 -77.44 47.07
15:15:46.454 66.29 -76.49 45.73
15:15:46.454 65.67 -75.55 44.33
15:15:46.454 65.35 -74.63 42.90
15:15:46.488 64.81 -73.73 41.47
15:15:46.488 64.48 -72.85 40.03
15:15:46.522 64.05 -72.01 38.58
15:15:46.522 62.27 -71.21 37.10
15:15:46.522 59.39 -70.46 35.58
15:15:46.556 57.43 -69.76 34.05
15:15:46.556 55.60 -69.11 32.52
15:15:46.590 54.40 -68.52 30.99
15:15:46.590 53.90 -67.98 29.47
15:15:46.590 53.58 -67.51 27.94
15:15:46.590 53.36 -67.12 26.40
15:15:46.624 53.57 -66.83 24.86
15:15:46.624 53.57 -66.64 23.31
15:15:46.624 52.56 -66.58 21.77
15:15:46.659 50.67 -66.63 20.24
15:15:46.659 48.68 -66.78 18.71
15:15:46.659 46.64 -67.02 17.21
15:15:46.693 44.33 -67.30 15.71
15:15:46.693 42.95 -67.63 14.24
15:15:46.727 42.29 -67.99 12.80
15:15:46.727 42.31 -68.39 11.39
15:15:46.727 42.66 -68.84 10.01
15:15:46.761 42.80 -69.35 8.67
15:15:46.761 42.43 -69.93 7.37
15:15:46.796 41.05 -70.57 6.09
15:15:46.796 39.52 -71.25 4.85
15:15:46.796 38.57 -71.97 3.63
15:15:46.830 38.59 -72.70 2.44
15:15:46.830 39.20 -73.45 1.29
15:15:46.830 40.11 -74.23 0.17
15:15:46.830 41.02 -75.05 -0.92
15:15:46.865 41.77 -75.91 -1.96
15:15:46.865 41.46 -76.83 -2.98
15:15:46.865 40.78 -77.78 -3.96
15:15:46.898 41.09 -78.75 -4.91
15:15:46.898 42.20 -79.74 -5.84
15:15:46.933 42.96 -80.76 -6.74
15:15:46.933 43.47 -81.81 -7.62
15:15:46.933 43.73 -82.92 -8.45
15:15:46.967 43.18 -84.07 -9.25
15:15:46.967 41.57 -85.25 -10.02
15:15:46.967 40.26 -86.46 -10.76
15:15:47.001 41.11 -87.66 -11.47
15:15:47.001 42.66 -88.86 -12.15
15:15:47.033 43.86 -90.08 -12.80
15:15:47.033 44.63 -91.33 -13.42
15:15:47.033 44.84 -92.60 -14.00
15:15:47.066 45.21 -93.90 -14.55
15:15:47.066 45.61 -95.21 -15.07
15:15:47.099 45.84 -96.52 -15.57
15:15:47.099 47.08 -97.84 -16.04
15:15:47.099 48.53 -99.17 -16.51
15:15:47.134 49.93 -100.51 -16.95
15:15:47.134 51.08 -101.87 -17.37
15:15:47.134 51.94 -103.26 -17.75
15:15:47.134 52.62 -104.68 -18.11
15:15:47.167 53.62 -106.12 -18.47
15:15:47.167 53.08 -107.57 -18.81
15:15:47.201 52.28 -109.04 -19.15
15:15:47.201 51.80 -110.52 -19.47
15:15:47.201 51.73 -112.00 -19.79
15:15:47.234 53.06 -113.50 -20.11
15:15:47.234 54.00 -115.01 -20.43
15:15:47.234 55.11 -116.55 -20.74
15:15:47.268 56.26 -118.13 -21.04
15:15:47.268 57.07 -119.76 -21.31
15:15:47.303 57.67 -121.42 -21.57
15:15:47.303 57.76 -123.12 -21.81
15:15:47.303 58.72 -124.85 -22.04
15:15:47.337 59.74 -126.63 -22.27
15:15:47.337 60.16 -127.88 -22.49
15:15:47.337 60.83 -127.52 -22.70
15:15:47.371 61.50 -125.25 -22.90
15:15:47.371 63.22 -121.39 -23.12
15:15:47.405 67.36 -116.23 -23.38
15:15:47.405 71.27 -110.07 -23.70
15:15:47.405 73.93 -103.12 -24.09
15:15:47.439 75.60 -95.59 -24.53
15:15:47.439 76.33 -87.63 -25.03
15:15:47.439 76.38 -79.37 -25.53
15:15:47.439 75.78 -70.94 -26.04
15:15:47.474 74.79 -62.41 -26.52
15:15:47.474 74.15 -53.85 -27.00
15:15:47.508 74.61 -45.34 -27.46
15:15:47.508 75.43 -36.92 -27.92
15:15:47.508 76.16 -28.66 -28.37
15:15:47.542 76.29 -20.58 -28.81
15:15:47.542 75.93 -12.73 -29.23
15:15:47.542 76.13 -5.11 -29.64
15:15:47.577 77.68 2.26 -30.04
15:15:47.577 79.86 9.36 -30.44
15:15:47.612 81.59 16.16 -30.84
15:15:47.612 81.59 22.67 -31.25
15:15:47.612 80.32 28.89 -31.63
15:15:47.646 78.99 34.85 -31.98
15:15:47.646 77.94 40.56 -32.32
15:15:47.646 77.26 46.05 -32.63
15:15:47.646 75.31 51.33 -32.92
15:15:47.680 73.81 56.42 -33.19
15:15:47.680 72.29 61.34 -33.43
15:15:47.716 71.01 66.12 -33.64
15:15:47.716 69.82 70.77 -33.83
15:15:47.716 68.68 75.29 -34.00
15:15:47.748 67.22 79.71 -34.14
15:15:47.748 65.43 84.03 -34.26
15:15:47.748 63.30 88.26 -34.37
15:15:47.783 60.53 91.84 -34.47
15:15:47.783 57.54 93.71 -34.56
15:15:47.818 54.81 93.58 -34.64
15:15:47.818 50.90 91.79 -34.71
15:15:47.818 47.47 88.64 -34.78
15:15:47.852 46.04 84.40 -34.83
15:15:47.852 41.72 79.28 -34.86
15:15:47.886 38.98 73.48 -34.86
15:15:47.886 37.81 67.19 -34.83
15:15:47.886 37.49 60.52 -34.78
15:15:47.886 36.93 53.60 -34.70
15:15:47.919 36.22 46.50 -34.60
15:15:47.919 35.91 39.32 -34.46
15:15:47.919 35.40 32.11 -34.29
15:15:47.954 34.38 24.94 -34.10
15:15:47.954 32.64 17.87 -33.90
15:15:47.954 30.31 10.95 -33.70
15:15:47.987 28.39 4.22 -33.50
15:15:47.987 27.02 -2.27 -33.31
15:15:48.020 26.09 -8.51 -33.12
15:15:48.020 25.02 -14.48 -32.94
15:15:48.020 23.30 -20.18 -32.76
15:15:48.054 20.86 -25.60 -32.59
15:15:48.054 18.17 -30.71 -32.43
15:15:48.054 15.61 -35.51 -32.27
15:15:48.088 13.15 -40.00 -32.12
15:15:48.088 10.35 -44.16 -31.97
15:15:48.122 6.70 -48.00 -31.82
15:15:48.122 2.19 -51.51 -31.66
15:15:48.122 358.73 -54.70 -31.50
15:15:48.156 356.03 -57.57 -31.33
15:15:48.156 353.36 -60.15 -31.16
15:15:48.191 350.42 -62.44 -30.99
15:15:48.191 348.41 -64.46 -30.80
15:15:48.191 346.47 -66.22 -30.60
15:15:48.191 344.88 -67.71 -30.36
15:15:48.225 343.38 -68.97 -30.11
15:15:48.225 342.03 -69.99 -29.86
15:15:48.225 339.86 -70.81 -29.61
15:15:48.258 337.14 -71.41 -29.39
15:15:48.258 333.98 -71.83 -29.19
15:15:48.258 330.64 -72.06 -29.01
15:15:48.291 326.86 -72.11 -28.86
15:15:48.291 324.05 -71.99 -28.73
15:15:48.326 321.22 -71.70 -28.62
15:15:48.326 318.53 -71.23 -28.52
15:15:48.326 316.71 -70.58 -28.42
15:15:48.361 315.40 -69.77 -28.32
15:15:48.361 314.13 -68.80 -28.20
15:15:48.395 312.73 -67.70 -28.07
15:15:48.395 311.98 -66.46 -27.93
15:15:48.395 312.58 -65.11 -27.78
15:15:48.430 314.87 -63.66 -27.64
15:15:48.430 315.44 -62.16 -27.50
15:15:48.430 315.95 -60.62 -27.37
15:15:48.430 316.31 -59.06 -27.26
15:15:48.463 315.92 -57.49 -27.18
15:15:48.463 315.02 -55.93 -27.15
15:15:48.463 313.19 -54.38 -27.18
15:15:48.496 311.35 -52.85 -27.27
15:15:48.496 310.07 -51.34 -27.40
15:15:48.532 309.24 -49.87 -27.58
15:15:48.532 307.03 -48.44 -27.81
15:15:48.532 304.62 -47.05 -28.08
15:15:48.566 302.60 -45.68 -28.40
15:15:48.566 300.49 -44.35 -28.76
15:15:48.599 298.60 -43.03 -29.15
15:15:48.599 296.55 -41.73 -29.57
15:15:48.599 294.83 -40.44 -30.00
15:15:48.634 293.68 -39.15 -30.44
15:15:48.634 293.61 -37.85 -30.88
15:15:48.634 295.03 -36.55 -31.31
15:15:48.668 296.72 -35.27 -31.76
15:15:48.668 298.35 -34.01 -32.21
15:15:48.702 299.12 -32.79 -32.69
15:15:48.702 300.55 -31.61 -33.20
15:15:48.702 301.76 -30.49 -33.74
15:15:48.702 302.34 -29.43 -34.34
15:15:48.736 302.21 -28.44 -34.98
15:15:48.736 301.69 -27.53 -35.67
15:15:48.736 301.86 -26.68 -36.41
15:15:48.770 301.66 -25.91 -37.20
15:15:48.770 301.70 -25.22 -38.03
15:15:48.804 302.23 -24.61 -38.91
15:15:48.804 303.48 -24.09 -39.82
15:15:48.804 305.22 -23.66 -40.75
15:15:48.838 305.84 -23.35 -41.71
15:15:48.838 305.79 -23.16 -42.66
15:15:48.838 306.78 -23.09 -43.61
15:15:48.873 305.97 -23.14 -44.53
15:15:48.873 303.34 -23.27 -45.44
15:15:48.908 300.59 -23.48 -46.35
15:15:48.908 298.62 -23.73 -47.27
15:15:48.908 297.27 -24.00 -48.21
15:15:48.942 296.83 -24.29 -49.18
15:15:48.942 294.36 -24.60 -50.18
15:15:48.942 290.92 -24.92 -51.21
15:15:48.942 291.27 -25.25 -52.26
15:15:48.975 288.74 -25.59 -53.33
15:15:48.975 289.01 -25.94 -54.42
15:15:49.010 292.12 -26.33 -55.49
15:15:49.010 297.60 -26.76 -56.54
15:15:49.010 302.44 -27.29 -57.55
15:15:49.043 306.22 -27.92 -58.50
15:15:49.043 309.10 -28.67 -59.40
15:15:49.078 311.72 -29.54 -60.23
15:15:49.078 313.91 -30.52 -60.98
15:15:49.078 316.03 -31.61 -61.67
15:15:49.112 317.86 -32.79 -62.30
15:15:49.112 319.37 -34.06 -62.87
15:15:49.112 320.51 -35.41 -63.39
15:15:49.147 320.50 -36.82 -63.87
15:15:49.147 319.62 -38.29 -64.32
15:15:49.181 317.84 -39.77 -64.73
15:15:49.181 315.55 -41.26 -65.12
15:15:49.181 314.16 -42.72 -65.47
15:15:49.181 312.64 -44.15 -65.79
15:15:49.215 311.51 -45.51 -66.08
15:15:49.215 311.10 -46.82 -66.35
15:15:49.215 310.32 -48.06 -66.60
15:15:49.249 307.87 -49.22 -66.81
15:15:49.249 304.36 -50.31 -67.00
15:15:49.282 299.72 -51.29 -67.16
15:15:49.282 295.12 -52.16 -67.27
15:15:49.282 291.12 -52.88 -67.34
15:15:49.317 289.90 -53.43 -67.35
15:15:49.317 289.15 -53.83 -67.30
15:15:49.317 288.83 -54.06 -67.18
15:15:49.350 288.28 -54.13 -67.01
15:15:49.350 287.17 -54.05 -66.78
15:15:49.383 285.88 -53.82 -66.51
15:15:49.383 286.29 -53.44 -66.19
15:15:49.383 287.53 -52.91 -65.82
15:15:49.416 288.70 -52.26 -65.40
15:15:49.416 290.02 -51.51 -64.93
15:15:49.416 291.18 -50.68 -64.41
15:15:49.451 292.09 -49.77 -63.82
15:15:49.451 292.41 -48.79 -63.17
15:15:49.486 292.35 -47.74 -62.47
15:15:49.486 290.18 -46.63 -61.72
15:15:49.486 287.86 -45.44 -60.92
15:15:49.486 286.40 -44.14 -60.08
15:15:49.520 285.76 -42.73 -59.21
15:15:49.520 285.72 -41.22 -58.33
15:15:49.520 286.00 -39.62 -57.45
15:15:49.555 286.50 -37.96 -56.59
15:15:49.555 289.00 -36.24 -55.72
15:15:49.590 290.33 -34.51 -54.83
15:15:49.590 291.39 -32.76 -53.91
15:15:49.590 292.07 -31.00 -52.96
15:15:49.625 292.39 -29.24 -51.99
15:15:49.625 292.62 -27.48 -51.01
15:15:49.625 293.22 -25.71 -50.01
15:15:49.658 293.97 -23.95 -48.98
15:15:49.658 294.66 -22.19 -47.92
15:15:49.693 295.44 -20.46 -46.81
15:15:49.693 296.39 -18.76 -45.63
15:15:49.693 297.95 -17.09 -44.38
15:15:49.693 300.09 -15.44 -43.04
15:15:49.727 302.77 -13.81 -41.62
15:15:49.727 305.44 -12.20 -40.13
15:15:49.727 307.81 -10.62 -38.57
15:15:49.761 309.76 -9.08 -36.94
15:15:49.761 311.51 -7.61 -35.26
15:15:49.796 313.08 -6.21 -33.52
15:15:49.796 314.33 -4.89 -31.75
15:15:49.796 315.19 -3.67 -29.95
15:15:49.830 315.45 -2.55 -28.15
15:15:49.830 315.26 -1.55 -26.36
15:15:49.830 314.85 -0.68 -24.58
15:15:49.864 314.52 0.06 -22.82
15:15:49.864 314.36 0.66 -21.09
15:15:49.897 314.27 1.12 -19.38
15:15:49.897 314.22 1.45 -17.71
15:15:49.897 314.19 1.65 -16.07
15:15:49.932 314.15 1.74 -14.47
15:15:49.932 314.03 1.72 -12.91
15:15:49.932 313.59 1.61 -11.39
15:15:49.932 313.13 1.41 -9.93
15:15:49.965 312.61 1.13 -8.53
15:15:49.965 312.05 0.77 -7.19
15:15:49.998 311.41 0.33 -5.92
15:15:49.998 310.74 -0.18 -4.70
15:15:49.998 310.06 -0.77 -3.54
15:15:50.031 309.13 -1.44 -2.43
15:15:50.031 308.83 -2.20 -1.38
15:15:50.031 308.43 -3.05 -0.39
15:15:50.064 308.10 -3.98 0.51
15:15:50.064 307.50 -4.97 1.32
15:15:50.098 307.05 -6.02 2.07
15:15:50.098 306.69 -7.11 2.76
15:15:50.098 306.64 -8.24 3.40
15:15:50.132 307.00 -9.41 4.00
15:15:50.132 307.25 -10.62 4.54
15:15:50.167 307.36 -11.87 5.04
15:15:50.167 307.66 -13.15 5.50
15:15:50.167 308.29 -14.46 5.91
15:15:50.200 309.22 -15.78 6.28
15:15:50.200 310.19 -17.12 6.62
15:15:50.200 310.96 -18.47 6.92
15:15:50.233 311.60 -19.81 7.18
15:15:50.233 312.53 -21.15 7.42
15:15:50.268 312.72 -22.50 7.62
15:15:50.268 313.00 -23.86 7.77
15:15:50.268 313.76 -25.23 7.87
15:15:50.268 314.88 -26.62 7.90
15:15:50.302 315.87 -28.02 7.88
15:15:50.302 317.12 -29.42 7.82
15:15:50.302 316.41 -30.82 7.72
15:15:50.335 315.88 -32.22 7.58
15:15:50.335 315.25 -33.61 7.37
15:15:50.369 314.88 -34.99 7.10
15:15:50.369 315.00 -36.33 6.76
15:15:50.369 315.33 -37.66 6.38
15:15:50.403 315.74 -38.97 5.97
15:15:50.403 316.16 -40.29 5.52
15:15:50.403 316.43 -41.61 5.04
15:15:50.438 316.80 -42.93 4.54
15:15:50.438 316.91 -44.26 4.00
15:15:50.471 317.11 -45.59 3.43
15:15:50.471 317.10 -46.94 2.84
15:15:50.471 316.97 -48.28 2.21
15:15:50.504 317.12 -49.61 1.56
15:15:50.504 317.56 -50.92 0.90
15:15:50.504 318.30 -52.20 0.22
15:15:50.538 319.37 -53.46 -0.47
15:15:50.538 320.60 -54.70 -1.18
15:15:50.573 321.87 -55.92 -1.90
15:15:50.573 322.91 -57.12 -2.63
15:15:50.573 323.55 -58.32 -3.37
15:15:50.573 324.53 -59.50 -4.12
15:15:50.607 325.65 -60.67 -4.87
15:15:50.607 326.85 -61.85 -5.62
15:15:50.607 327.62 -63.04 -6.38
15:15:50.640 328.04 -64.22 -7.14
15:15:50.640 328.63 -65.39 -7.90
15:15:50.675 329.73 -66.54 -8.66
15:15:50.675 331.13 -67.65 -9.42
15:15:50.675 332.93 -68.74 -10.18
15:15:50.710 334.94 -69.81 -10.95
15:15:50.710 336.89 -70.86 -11.71
15:15:50.710 338.64 -71.91 -12.46
15:15:50.743 340.37 -72.95 -13.20
15:15:50.743 342.18 -74.00 -13.92
15:15:50.778 343.95 -75.06 -14.62
15:15:50.778 345.60 -76.13 -15.31
15:15:50.778 346.83 -77.22 -15.97
15:15:50.812 348.19 -78.32 -16.63
15:15:50.812 349.65 -79.44 -17.27
15:15:50.812 350.80 -80.58 -17.89
15:15:50.812 351.66 -81.73 -18.51
15:15:50.846 352.25 -82.90 -19.12
15:15:50.846 353.08 -84.09 -19.72
15:15:50.881 354.06 -85.28 -20.32
15:15:50.881 355.33 -86.47 -20.91
15:15:50.881 356.84 -87.67 -21.50
15:15:50.915 358.97 -88.88 -22.09
15:15:50.915 1.31 -90.11 -22.68
15:15:50.915 2.78 -91.37 -23.25
15:15:50.950 4.06 -92.65 -23.81
15:15:50.950 5.38 -93.95 -24.35
15:15:50.983 7.80 -95.27 -24.87
15:15:50.983 10.33 -96.60 -25.39
15:15:50.983 12.93 -97.96 -25.90
15:15:51.017 14.54 -99.35 -26.43
15:15:51.017 15.88 -100.75 -26.98
15:15:51.050 17.86 -102.16 -27.54
15:15:51.050 20.56 -103.56 -28.13
15:15:51.050 24.11 -104.97 -28.73
15:15:51.083 27.69 -106.39 -29.35
15:15:51.083 29.88 -107.83 -29.97
15:15:51.083 32.13 -109.31 -30.60
15:15:51.083 34.62 -110.83 -31.21
15:15:51.118 36.65 -112.39 -31.81
15:15:51.118 38.17 -113.99 -32.40
15:15:51.118 39.65 -115.63 -32.97
15:15:51.153 41.26 -117.29 -33.54
15:15:51.153 43.01 -118.97 -34.09
15:15:51.187 45.59 -120.68 -34.63
15:15:51.187 49.07 -122.41 -35.16
15:15:51.187 51.65 -124.17 -35.70
15:15:51.221 54.60 -125.97 -36.24
15:15:51.221 56.73 -127.81 -36.77
15:15:51.255 58.60 -129.12 -37.31
15:15:51.255 60.59 -128.82 -37.83
15:15:51.255 62.24 -126.59 -38.35
15:15:51.288 63.30 -122.75 -38.85
15:15:51.288 65.57 -117.59 -39.36
15:15:51.288 68.74 -111.36 -39.86
15:15:51.322 71.92 -104.28 -40.35
15:15:51.322 74.77 -96.57 -40.81
15:15:51.355 76.99 -88.39 -41.24
15:15:51.355 78.28 -79.89 -41.65
15:15:51.355 79.30 -71.19 -42.02
15:15:51.355 80.63 -62.39 -42.36
15:15:51.389 82.57 -53.58 -42.68
15:15:51.389 84.55 -44.83 -42.96
15:15:51.389 85.46 -36.21 -43.21
15:15:51.423 86.74 -27.77 -43.43
15:15:51.423 87.93 -19.53 -43.60
15:15:51.456 89.19 -11.55 -43.73
15:15:51.456 89.24 -3.85 -43.81
15:15:51.456 88.83 3.55 -43.84
15:15:51.490 88.38 10.64 -43.84
15:15:51.490 87.81 17.42 -43.81
15:15:51.490 87.57 23.89 -43.75
15:15:51.524 87.81 30.05 -43.68
15:15:51.524 87.83 35.89 -43.58
15:15:51.559 88.23 41.43 -43.47
15:15:51.559 88.20 46.65 -43.34
15:15:51.559 90.35 51.57 -43.21
15:15:51.593 91.82 56.18 -43.08
15:15:51.593 91.99 60.47 -42.95
15:15:51.627 91.25 64.46 -42.80
15:15:51.627 90.49 68.16 -42.63
15:15:51.627 89.89 71.58 -42.45
15:15:51.661 90.35 74.74 -42.25
15:15:51.661 92.25 77.65 -42.04
15:15:51.661 94.61 80.30 -41.83
15:15:51.661 95.94 82.68 -41.62
15:15:51.696 96.54 84.80 -41.42
15:15:51.696 96.14 86.67 -41.21
15:15:51.696 96.33 88.32 -40.99
15:15:51.729 97.33 89.75 -40.76
15:15:51.729 99.17 90.96 -40.53
15:15:51.764 99.77 91.97 -40.30
15:15:51.764 99.60 92.78 -40.07
15:15:51.764 99.22 93.41 -39.82
15:15:51.797 98.86 93.88 -39.57
15:15:51.797 98.52 94.21 -39.30
15:15:51.830 97.61 94.43 -39.02
15:15:51.830 96.20 94.54 -38.73
15:15:51.830 94.95 94.56 -38.47
15:15:51.863 98.19 94.49 -38.21
15:15:51.863 101.65 94.32 -37.98
15:15:51.863 104.42 94.00 -37.76
15:15:51.897 104.35 93.55 -37.53
15:15:51.897 103.54 92.96 -37.30
15:15:51.930 102.56 92.27 -37.05
15:15:51.930 101.57 91.52 -36.80
15:15:51.930 101.11 90.71 -36.57
15:15:51.964 100.39 89.87 -36.36
15:15:51.964 100.74 89.01 -36.20
15:15:51.964 97.59 88.13 -36.08
15:15:51.964 98.59 87.25 -36.00
15:15:51.997 99.26 86.38 -35.98
15:15:51.997 102.46 85.50 -35.98
15:15:52.031 105.22 84.61 -35.99
15:15:52.031 105.64 83.71 -36.01
15:15:52.031 104.06 82.80 -36.06
15:15:52.064 102.88 81.90 -36.13
15:15:52.064 106.71 81.03 -36.21
15:15:52.064 105.35 80.19 -36.31
15:15:52.098 104.60 79.35 -36.40
15:15:52.098 106.64 78.53 -36.47
15:15:52.131 109.25 77.69 -36.52
15:15:52.131 110.24 76.84 -36.54
15:15:52.131 112.35 75.98 -36.54
15:15:52.165 112.42 75.09 -36.50
15:15:52.165 111.84 74.20 -36.46
15:15:52.165 113.36 73.32 -36.41
15:15:52.198 114.57 72.44 -36.32
15:15:52.198 113.90 71.57 -36.20
15:15:52.232 114.84 70.72 -36.05
15:15:52.232 115.69 69.87 -35.86
15:15:52.232 116.35 69.04 -35.64
15:15:52.265 117.28 68.21 -35.38
15:15:52.265 118.21 67.37 -35.08
15:15:52.300 119.04 66.52 -34.78
15:15:52.300 119.60 65.65 -34.46
15:15:52.300 119.80 64.78 -34.15
15:15:52.300 120.08 63.89 -33.84
15:15:52.335 120.44 63.01 -33.52
15:15:52.335 121.44 62.13 -33.21
15:15:52.335 122.09 61.23 -32.88
15:15:52.369 122.58 60.33 -32.56
15:15:52.369 122.71 59.41 -32.24
15:15:52.369 122.91 58.48 -31.93
15:15:52.402 123.07 57.55 -31.61
15:15:52.402 123.08 56.62 -31.28
15:15:52.436 123.48 55.70 -30.94
15:15:52.436 124.07 54.79 -30.58
15:15:52.436 124.80 53.88 -30.21
15:15:52.469 125.40 52.97 -29.82
15:15:52.469 125.92 52.05 -29.41
15:15:52.503 126.17 51.11 -28.98
15:15:52.503 126.29 50.17 -28.52
15:15:52.503 126.43 49.21 -28.01
15:15:52.537 126.64 48.26 -27.46
15:15:52.537 126.92 47.29 -26.85
15:15:52.537 127.13 46.32 -26.18
15:15:52.570 127.11 45.34 -25.47
15:15:52.570 126.89 44.33 -24.71
15:15:52.603 126.35 43.30 -23.89
15:15:52.603 125.71 42.25 -23.03
15:15:52.603 124.97 41.17 -22.10
15:15:52.603 124.22 40.08 -21.10
15:15:52.637 123.67 38.97 -20.02
15:15:52.637 122.61 37.86 -18.85
15:15:52.637 120.90 36.75 -17.59
15:15:52.670 118.96 35.62 -16.25
15:15:52.670 116.91 34.47 -14.82
15:15:52.704 115.02 33.28 -13.33
15:15:52.704 113.44 32.07 -11.77
15:15:52.704 112.41 30.86 -10.12
15:15:52.738 111.82 29.65 -8.38
15:15:52.738 110.97 28.46 -6.52
15:15:52.738 107.45 27.30 -4.54
15:15:52.771 104.47 26.16 -2.47
15:15:52.771 101.39 25.00 -0.33
15:15:52.806 97.38 23.82 1.85
15:15:52.806 91.86 22.61 4.04
15:15:52.806 93.69 21.36 6.23
15:15:52.839 96.85 20.11 8.45
15:15:52.839 104.99 18.90 10.70
15:15:52.839 96.80 17.76 12.98
15:15:52.875 92.67 16.70 15.26
15:15:52.875 82.18 15.65 17.54
15:15:52.909 90.46 14.61 19.78
15:15:52.909 87.45 13.60 21.98
15:15:52.909 82.28 12.63 24.12
15:15:52.909 76.26 11.66 26.16
15:15:52.943 74.45 10.71 28.11
15:15:52.943 73.35 9.79 29.96
15:15:52.943 71.13 8.92 31.74
15:15:52.976 67.55 8.12 33.47
15:15:52.976 65.65 7.37 35.16
15:15:53.010 64.17 6.69 36.82
15:15:53.010 62.75 6.08 38.47
15:15:53.010 64.71 5.55 40.13
15:15:53.045 75.46 5.12 41.80
15:15:53.045 191.79 5.03 43.50
15:15:53.045 220.95 5.68 45.23
15:15:53.079 227.56 7.25 46.94
15:15:53.079 227.48 9.11 48.62
15:15:53.113 227.59 10.04 50.24
15:15:53.113 228.22 9.63 51.78
15:15:53.113 228.35 8.09 53.22
15:15:53.148 225.89 5.61 54.54
15:15:53.148 226.67 2.35 55.74
15:15:53.148 226.37 -1.53 56.81
15:15:53.148 226.19 -5.91 57.76
15:15:53.181 225.91 -10.69 58.59
15:15:53.181 225.76 -15.76 59.29
15:15:53.215 225.88 -21.05 59.88
15:15:53.215 225.35 -26.48 60.36
15:15:53.215 225.52 -31.99 60.75
15:15:53.248 225.56 -37.53 61.03
15:15:53.248 225.88 -43.05 61.21
15:15:53.248 226.74 -48.53 61.31
15:15:53.282 227.67 -53.91 61.32
15:15:53.282 228.34 -59.16 61.26
15:15:53.317 228.89 -64.28 61.14
15:15:53.317 228.91 -69.23 60.97
15:15:53.317 228.70 -74.02 60.74
15:15:53.351 228.13 -78.63 60.48
15:15:53.351 228.61 -83.07 60.19
15:15:53.387 229.04 -87.32 59.87
15:15:53.387 229.81 -91.38 59.52
15:15:53.387 230.65 -95.26 59.15
15:15:53.387 231.41 -98.93 58.76
15:15:53.422 232.36 -102.41 58.36
15:15:53.422 232.95 -105.69 57.96
15:15:53.422 233.56 -108.77 57.56
15:15:53.456 234.34 -111.66 57.15
15:15:53.456 235.46 -114.37 56.76
15:15:53.456 235.75 -116.89 56.37
15:15:53.491 236.21 -119.24 55.99
15:15:53.491 237.26 -121.41 55.62
15:15:53.523 238.17 -123.42 55.28
15:15:53.523 238.97 -125.27 54.95
15:15:53.523 239.90 -126.97 54.64
15:15:53.556 240.60 -128.51 54.33
15:15:53.556 240.96 -129.90 54.03
15:15:53.589 241.43 -131.16 53.75
15:15:53.589 242.14 -132.29 53.50
15:15:53.589 242.86 -133.29 53.26
15:15:53.624 242.72 -134.18 53.04
15:15:53.624 245.54 -134.95 52.85
15:15:53.624 248.56 -135.61 52.70
15:15:53.658 249.83 -136.15 52.58
15:15:53.658 251.43 -136.58 52.48
15:15:53.692 252.02 -136.90 52.37
15:15:53.692 252.24 -137.13 52.26
15:15:53.692 253.01 -137.27 52.15
15:15:53.692 254.06 -137.33 52.05
15:15:53.725 255.18 -137.32 51.96
15:15:53.725 255.99 -137.24 51.88
15:15:53.725 255.81 -137.10 51.80
15:15:53.759 255.02 -136.90 51.74
15:15:53.759 254.08 -136.67 51.67
15:15:53.792 253.48 -136.41 51.62
15:15:53.792 258.20 -136.11 51.57
15:15:53.792 256.64 -135.78 51.54
15:15:53.828 259.83 -135.41 51.51
15:15:53.828 264.74 -135.01 51.49
15:15:53.828 265.46 -134.54 51.48
15:15:53.861 266.86 -134.02 51.49
15:15:53.861 264.95 -133.44 51.51
15:15:53.895 262.55 -132.82 51.54
15:15:53.895 260.23 -132.19 51.58
15:15:53.895 258.39 -131.56 51.61
15:15:53.929 254.34 -130.95 51.65
15:15:53.929 252.85 -130.39 51.71
15:15:53.962 253.38 -129.88 51.78
15:15:53.962 253.32 -129.43 51.88
15:15:53.962 252.28 -129.03 52.00
15:15:53.962 251.11 -128.69 52.13
15:15:53.996 250.73 -128.39 52.27
15:15:53.996 248.35 -128.15 52.42
15:15:53.996 245.09 -127.96 52.58
15:15:54.030 242.03 -127.84 52.76
15:15:54.030 239.37 -127.79 52.94
15:15:54.030 237.21 -127.81 53.13
15:15:54.064 235.65 -127.90 53.32
15:15:54.064 233.70 -128.07 53.51
15:15:54.098 231.83 -128.30 53.70
15:15:54.098 229.21 -128.60 53.90
15:15:54.098 225.69 -128.97 54.09
15:15:54.132 221.79 -129.40 54.27
15:15:54.132 218.07 -129.91 54.43
15:15:54.166 215.17 -130.49 54.57
15:15:54.166 213.03 -131.14 54.67
15:15:54.166 211.58 -131.85 54.71
15:15:54.200 210.11 -132.61 54.70
15:15:54.200 208.77 -133.41 54.63
15:15:54.200 207.35 -134.23 54.49
15:15:54.235 205.88 -135.08 54.29
15:15:54.235 204.59 -135.94 54.02
15:15:54.235 203.51 -136.82 53.69
15:15:54.235 202.46 -137.72 53.30
15:15:54.269 201.62 -138.62 52.85
15:15:54.269 200.59 -139.52 52.34
15:15:54.303 199.29 -140.42 51.78
15:15:54.303 198.03 -141.31 51.15
15:15:54.303 196.93 -142.21 50.45
15:15:54.338 196.37 -143.10 49.68
15:15:54.338 196.19 -143.97 48.83
15:15:54.373 196.04 -144.83 47.91
15:15:54.373 195.68 -145.65 46.93
15:15:54.373 195.14 -146.42 45.91
15:15:54.407 194.38 -147.15 44.86
15:15:54.407 193.64 -147.83 43.80
15:15:54.407 192.82 -148.47 42.72
15:15:54.441 191.96 -149.07 41.62
15:15:54.441 191.00 -149.63 40.50
15:15:54.477 190.00 -150.17 39.37
15:15:54.477 189.04 -150.67 38.24
15:15:54.477 187.73 -151.15 37.10
15:15:54.477 186.76 -151.59 35.96
15:15:54.510 185.75 -151.99 34.81
15:15:54.510 184.84 -152.34 33.67
15:15:54.510 184.07 -152.63 32.53
15:15:54.545 183.44 -152.86 31.39
15:15:54.545 182.84 -153.05 30.26
15:15:54.579 182.15 -153.19 29.13
15:15:54.579 181.34 -153.29 28.01
15:15:54.579 180.43 -153.36 26.91
15:15:54.613 179.08 -153.41 25.84
15:15:54.613 177.71 -153.45 24.81
15:15:54.613 175.98 -153.49 23.83
15:15:54.647 174.09 -153.52 22.88
15:15:54.647 172.08 -153.55 21.96
15:15:54.682 170.11 -153.56 21.06
15:15:54.682 167.95 -153.54 20.18
15:15:54.682 165.83 -153.47 19.32
15:15:54.682 163.79 -153.38 18.47
15:15:54.715 162.02 -153.26 17.62
15:15:54.715 159.99 -153.12 16.76
15:15:54.715 158.02 -152.96 15.90
15:15:54.750 155.81 -152.78 15.04
15:15:54.750 153.08 -152.59 14.18
15:15:54.750 149.79 -152.40 13.32
15:15:54.785 146.50 -152.19 12.46
15:15:54.785 142.78 -151.97 11.57
15:15:54.819 138.93 -151.72 10.66
15:15:54.819 136.09 -151.44 9.73
15:15:54.819 133.91 -151.14 8.76
15:15:54.853 129.59 -150.84 7.78
15:15:54.853 125.05 -150.53 6.78
15:15:54.888 120.64 -150.25 5.75
15:15:54.888 116.18 -150.00 4.68
15:15:54.888 111.83 -149.80 3.58
15:15:54.921 107.55 -149.65 2.44
15:15:54.921 103.36 -149.57 1.27
15:15:54.921 99.66 -149.55 0.05
15:15:54.955 95.90 -149.62 -1.23
15:15:54.955 90.86 -149.76 -2.57
15:15:54.955 86.70 -149.97 -3.98
15:15:54.955 83.47 -150.25 -5.50
15:15:54.990 81.26 -150.59 -7.12
15:15:54.990 79.17 -150.99 -8.87
15:15:55.024 77.53 -151.44 -10.74
15:15:55.024 75.10 -151.93 -12.76
15:15:55.024 74.82 -152.45 -14.92
15:15:55.058 239.92 -152.70 -17.21
15:15:55.058 229.86 -152.08 -19.59
15:15:55.092 221.89 -150.37 -22.03
15:15:55.092 216.80 -147.71 -24.49
15:15:55.092 211.91 -144.22 -26.97
15:15:55.126 212.33 -140.02 -29.43
15:15:55.126 212.23 -135.23 -31.88
15:15:55.126 197.14 -129.92 -34.31
15:15:55.161 48.91 -124.51 -36.71
15:15:55.161 45.92 -119.69 -39.08
15:15:55.195 46.58 -115.72 -41.38
15:15:55.195 49.34 -112.50 -43.60
15:15:55.195 51.67 -109.95 -45.72
15:15:55.195 53.68 -107.99 -47.74
15:15:55.229 58.97 -106.57 -49.65
15:15:55.229 62.80 -105.63 -51.45
15:15:55.229 63.01 -105.14 -53.14
15:15:55.262 60.02 -105.04 -54.73
15:15:55.262 48.09 -105.25 -56.21
15:15:55.295 27.81 -105.63 -57.61
15:15:55.295 14.13 -106.06 -58.92
15:15:55.295 3.78 -106.44 -60.14
15:15:55.328 342.80 -106.67 -61.28
15:15:55.328 338.40 -106.69 -62.34
15:15:55.328 337.17 -106.48 -63.33
15:15:55.363 334.41 -106.07 -64.25
15:15:55.363 325.82 -105.46 -65.12
15:15:55.396 314.19 -104.64 -65.91
15:15:55.396 311.02 -103.58 -66.63
15:15:55.396 312.65 -102.28 -67.25
15:15:55.432 314.40 -100.79 -67.77
15:15:55.432 316.14 -99.16 -68.17
15:15:55.466 316.75 -97.42 -68.46
15:15:55.466 316.61 -95.60 -68.65
15:15:55.466 316.59 -93.73 -68.74
15:15:55.466 317.24 -91.82 -68.74
15:15:55.499 317.59 -89.90 -68.66
15:15:55.499 317.41 -87.98 -68.50
15:15:55.499 316.37 -86.07 -68.29
15:15:55.534 315.05 -84.16 -68.04
15:15:55.534 313.35 -82.27 -67.74
15:15:55.534 314.30 -80.38 -67.40
15:15:55.567 315.92 -78.52 -67.01
15:15:55.567 316.75 -76.69 -66.57
15:15:55.601 316.20 -74.92 -66.08
15:15:55.601 314.74 -73.21 -65.54
15:15:55.601 313.84 -71.53 -64.96
15:15:55.636 312.79 -69.89 -64.31
15:15:55.636 311.16 -68.27 -63.60
15:15:55.671 309.45 -66.67 -62.80
15:15:55.671 307.65 -65.08 -61.95
15:15:55.671 306.45 -63.50 -61.05
15:15:55.705 305.64 -61.92 -60.10
15:15:55.705 304.99 -60.36 -59.09
15:15:55.705 304.81 -58.82 -58.04
15:15:55.739 304.56 -57.33 -56.95
15:15:55.739 303.84 -55.89 -55.84
15:15:55.739 301.32 -54.50 -54.71
15:15:55.739 299.91 -53.15 -53.57
15:15:55.773 298.39 -51.84 -52.43
15:15:55.773 297.89 -50.57 -51.27
15:15:55.806 297.85 -49.36 -50.10
15:15:55.806 297.71 -48.21 -48.92
15:15:55.806 297.49 -47.13 -47.75
15:15:55.839 297.05 -46.12 -46.58
15:15:55.839 295.88 -45.17 -45.41
15:15:55.873 295.13 -44.30 -44.25
15:15:55.873 294.14 -43.49 -43.08
15:15:55.873 292.46 -42.75 -41.93
15:15:55.908 290.55 -42.06 -40.81
15:15:55.908 288.82 -41.40 -39.70
15:15:55.908 287.49 -40.76 -38.62
15:15:55.942 287.01 -40.16 -37.56
15:15:55.942 286.51 -39.60 -36.53
15:15:55.976 285.29 -39.08 -35.52
15:15:55.976 283.18 -38.60 -34.53
15:15:55.976 281.34 -38.13 -33.56
15:15:56.010 279.15 -37.65 -32.62
15:15:56.010 278.66 -37.16 -31.71
15:15:56.010 276.44 -36.67 -30.84
15:15:56.010 273.49 -36.18 -30.01
15:15:56.044 269.93 -35.67 -29.19
15:15:56.044 266.16 -35.16 -28.39
15:15:56.078 262.64 -34.64 -27.61
15:15:56.078 259.74 -34.12 -26.85
15:15:56.078 256.63 -33.58 -26.12
15:15:56.112 254.82 -33.03 -25.44
15:15:56.112 252.05 -32.46 -24.78
15:15:56.112 249.41 -31.85 -24.16
15:15:56.146 248.70 -31.23 -23.55
15:15:56.146 246.82 -30.62 -22.96
15:15:56.180 243.63 -30.02 -22.37
15:15:56.180 241.51 -29.44 -21.80
15:15:56.180 239.87 -28.88 -21.27
15:15:56.213 239.57 -28.36 -20.80
15:15:56.213 236.80 -27.88 -20.39
15:15:56.248 238.96 -27.42 -20.05
15:15:56.248 241.99 -26.99 -19.78
15:15:56.248 244.34 -26.62 -19.57
15:15:56.283 246.29 -26.30 -19.40
15:15:56.283 249.04 -26.03 -19.23
15:15:56.283 251.76 -25.82 -19.06
15:15:56.283 254.51 -25.68 -18.91
15:15:56.318 256.66 -25.61 -18.81
15:15:56.318 260.80 -25.59 -18.78
15:15:56.318 263.18 -25.63 -18.83
15:15:56.352 265.91 -25.73 -18.94
15:15:56.352 269.35 -25.87 -19.09
15:15:56.386 272.34 -26.06 -19.29
15:15:56.386 275.56 -26.29 -19.55
15:15:56.386 279.34 -26.56 -19.89
15:15:56.420 282.49 -26.87 -20.32
15:15:56.420 285.03 -27.19 -20.84
15:15:56.452 288.63 -27.52 -21.45
15:15:56.452 293.84 -27.84 -22.15
15:15:56.452 300.36 -28.17 -22.94
15:15:56.487 307.62 -28.51 -23.78
15:15:56.487 314.66 -28.89 -24.65
15:15:56.487 321.33 -29.32 -25.53
15:15:56.521 327.80 -29.84 -26.41
15:15:56.521 334.11 -30.46 -27.29
15:15:56.521 340.62 -31.19 -28.16
15:15:56.521 347.32 -32.03 -29.02
15:15:56.556 354.00 -33.01 -29.88
15:15:56.556 0.25 -34.11 -30.73
15:15:56.591 6.05 -35.35 -31.55
15:15:56.591 11.86 -36.71 -32.31
15:15:56.591 17.52 -38.20 -33.02
15:15:56.625 22.82 -39.80 -33.66
15:15:56.625 27.70 -41.51 -34.22
15:15:56.659 32.29 -43.33 -34.69
15:15:56.659 36.60 -45.22 -35.06
15:15:56.659 40.47 -47.19 -35.32
15:15:56.693 43.90 -49.20 -35.47
15:15:56.693 46.92 -51.25 -35.51
15:15:56.693 49.67 -53.32 -35.43
15:15:56.727 52.26 -55.38 -35.25
15:15:56.727 54.55 -57.43 -34.96
15:15:56.760 55.25 -59.44 -34.58
15:15:56.760 55.66 -61.42 -34.10
15:15:56.760 55.97 -63.33 -33.54
15:15:56.795 56.10 -65.18 -32.90
15:15:56.795 56.36 -66.95 -32.18
15:15:56.795 56.64 -68.65 -31.40
15:15:56.795 56.76 -70.26 -30.56
15:15:56.828 56.43 -71.79 -29.68
15:15:56.828 55.89 -73.23 -28.75
15:15:56.862 55.20 -74.58 -27.79
15:15:56.862 55.35 -75.83 -26.79
15:15:56.862 55.55 -77.02 -25.77
15:15:56.896 56.48 -78.16 -24.75
15:15:56.896 58.19 -79.25 -23.75
15:15:56.896 60.13 -80.29 -22.77
15:15:56.929 62.73 -81.27 -21.83
15:15:56.929 65.23 -82.20 -20.91
15:15:56.965 67.39 -83.08 -20.00
15:15:56.965 68.75 -83.91 -19.09
15:15:56.965 70.04 -84.69 -18.17
15:15:56.998 71.89 -85.43 -17.25
15:15:56.998 74.62 -86.12 -16.33
15:15:56.998 77.70 -86.79 -15.42
15:15:57.033 80.92 -87.46 -14.50
15:15:57.033 83.79 -88.14 -13.59
15:15:57.033 86.50 -88.84 -12.68
15:15:57.033 89.08 -89.57 -11.77
15:15:57.068 91.22 -90.32 -10.87
15:15:57.068 93.26 -91.10 -9.98
15:15:57.102 95.45 -91.89 -9.11
15:15:57.102 98.03 -92.68 -8.27
15:15:57.102 101.26 -93.46 -7.47
15:15:57.135 105.39 -94.23 -6.71
15:15:57.135 110.17 -94.99 -6.00
15:15:57.169 114.11 -95.75 -5.33
15:15:57.169 117.68 -96.52 -4.69
15:15:57.169 121.58 -97.29 -4.06
15:15:57.203 124.90 -98.08 -3.44
15:15:57.203 127.85 -98.87 -2.81
15:15:57.203 130.91 -99.65 -2.17
15:15:57.237 134.18 -100.41 -1.51
15:15:57.237 138.12 -101.15 -0.84
15:15:57.270 142.65 -101.84 -0.14
15:15:57.270 147.53 -102.49 0.59
15:15:57.270 152.42 -103.09 1.33
15:15:57.303 157.26 -103.64 2.09
15:15:57.303 161.93 -104.12 2.87
15:15:57.336 165.94 -104.56 3.68
15:15:57.336 170.18 -104.93 4.50
15:15:57.336 174.52 -105.26 5.33
15:15:57.336 178.70 -105.52 6.17
15:15:57.370 182.63 -105.72 7.01
15:15:57.370 184.77 -105.84 7.85
15:15:57.370 186.26 -105.86 8.69
15:15:57.404 188.52 -105.80 9.52
15:15:57.404 190.43 -105.63 10.37
15:15:57.404 194.90 -105.35 11.23
15:15:57.437 195.37 -104.99 12.12
15:15:57.437 194.77 -104.54 13.02
15:15:57.471 194.44 -104.03 13.92
15:15:57.471 194.73 -103.48 14.81
15:15:57.471 193.92 -102.91 15.69
15:15:57.505 194.42 -102.31 16.55
15:15:57.505 194.08 -101.71 17.39
15:15:57.505 192.43 -101.10 18.18
15:15:57.538 191.37 -100.51 18.93
15:15:57.538 193.66 -99.94 19.64
15:15:57.572 197.10 -99.38 20.33
15:15:57.572 199.23 -98.81 21.00
15:15:57.572 197.46 -98.22 21.66
15:15:57.606 197.48 -97.65 22.30
15:15:57.606 199.29 -97.09 22.91
15:15:57.639 195.24 -96.55 23.51
15:15:57.639 190.53 -96.01 24.11
15:15:57.639 185.03 -95.49 24.72
15:15:57.672 179.53 -95.00 25.34
15:15:57.672 174.39 -94.56 25.98
15:15:57.672 170.79 -94.18 26.65
15:15:57.706 168.26 -93.85 27.35
15:15:57.706 166.66 -93.58 28.10
15:15:57.706 163.42 -93.35 28.91
15:15:57.706 161.99 -93.17 29.74
15:15:57.740 164.89 -93.02 30.59
15:15:57.740 169.69 -92.89 31.46
15:15:57.774 173.29 -92.75 32.34
15:15:57.774 172.72 -92.59 33.22
15:15:57.774 170.63 -92.42 34.07
15:15:57.808 167.88 -92.25 34.87
15:15:57.808 170.65 -92.07 35.62
15:15:57.841 171.41 -91.89 36.31
15:15:57.841 169.44 -91.67 36.96
15:15:57.841 166.65 -91.44 37.60
15:15:57.875 163.89 -91.22 38.23
15:15:57.875 159.55 -91.04 38.85
15:15:57.875 156.85 -90.90 39.46
15:15:57.910 157.85 -90.82 40.07
15:15:57.910 161.17 -90.76 40.70
15:15:57.944 164.45 -90.69 41.35
15:15:57.944 165.99 -90.59 42.02
15:15:57.944 166.61 -90.42 42.69
15:15:57.978 167.65 -90.18 43.35
15:15:57.978 167.62 -89.86 43.98
15:15:57.978 165.95 -89.46 44.58
15:15:57.978 167.04 -88.99 45.15
15:15:58.013 166.73 -88.46 45.69
15:15:58.013 168.11 -87.86 46.20
15:15:58.047 169.36 -87.22 46.69
15:15:58.047 169.28 -86.52 47.14
15:15:58.047 169.44 -85.78 47.56
15:15:58.081 169.49 -85.01 47.94
15:15:58.081 171.11 -84.20 48.29
15:15:58.081 173.86 -83.36 48.61
15:15:58.115 176.30 -82.48 48.92
15:15:58.115 180.72 -81.55 49.22
15:15:58.150 182.77 -80.54 49.50
15:15:58.150 183.31 -79.48 49.76
15:15:58.150 183.12 -78.37 50.00
15:15:58.185 182.99 -77.23 50.21
15:15:58.185 182.71 -76.07 50.37
15:15:58.185 183.81 -74.91 50.47
15:15:58.185 183.35 -73.74 50.50
15:15:58.220 182.88 -72.58 50.48
15:15:58.220 183.54 -71.44 50.41
15:15:58.220 186.25 -70.30 50.30
15:15:58.254 189.38 -69.17 50.14
15:15:58.254 189.85 -68.04 49.93
15:15:58.288 190.62 -66.92 49.67
15:15:58.288 191.47 -65.81 49.36
15:15:58.288 192.09 -64.71 49.01
15:15:58.321 193.53 -63.62 48.63
15:15:58.321 195.13 -62.53 48.21
15:15:58.357 196.50 -61.44 47.77
15:15:58.357 197.43 -60.35 47.27
15:15:58.357 197.19 -59.27 46.72
15:15:58.390 198.92 -58.21 46.11
15:15:58.390 200.06 -57.19 45.44
15:15:58.390 200.70 -56.21 44.73
15:15:58.424 201.03 -55.30 43.98
15:15:58.424 200.90 -54.44 43.17
15:15:58.424 200.65 -53.66 42.31
15:15:58.424 200.58 -52.94 41.41
15:15:58.459 200.64 -52.29 40.49
15:15:58.459 201.02 -51.67 39.54
15:15:58.493 201.65 -51.09 38.57
15:15:58.493 203.67 -50.55 37.58
15:15:58.493 205.78 -50.05 36.58
15:15:58.528 208.12 -49.60 35.55
15:15:58.528 210.21 -49.20 34.52
15:15:58.561 211.03 -48.84 33.46
15:15:58.561 211.46 -48.52 32.37
15:15:58.561 212.09 -48.24 31.24
15:15:58.594 212.87 -48.01 30.07
15:15:58.594 213.01 -47.83 28.88
15:15:58.594 213.63 -47.69 27.68
15:15:58.628 215.30 -47.58 26.48
15:15:58.628 216.82 -47.50 25.29
15:15:58.663 218.41 -47.46 24.09
15:15:58.663 219.87 -47.45 22.87
15:15:58.663 220.99 -47.47 21.65
15:15:58.697 221.92 -47.52 20.43
15:15:58.697 222.87 -47.59 19.20
15:15:58.697 223.93 -47.68 17.98
15:15:58.697 224.98 -47.78 16.75
15:15:58.732 225.96 -47.89 15.52
15:15:58.732 226.86 -48.01 14.28
15:15:58.765 228.81 -48.14 13.04
15:15:58.765 230.80 -48.28 11.80
15:15:58.765 232.62 -48.43 10.57
15:15:58.798 234.32 -48.60 9.34
15:15:58.798 235.90 -48.78 8.13
15:15:58.798 237.50 -48.95 6.92
15:15:58.832 239.37 -49.10 5.71
15:15:58.832 241.25 -49.25 4.50
15:15:58.866 243.06 -49.39 3.28
15:15:58.866 244.81 -49.53 2.06
15:15:58.866 246.32 -49.66 0.83
15:15:58.899 247.71 -49.80 -0.41
15:15:58.899 248.96 -49.92 -1.67
15:15:58.933 250.59 -50.03 -2.93
15:15:58.933 252.37 -50.13 -4.19
15:15:58.933 254.04 -50.23 -5.46
15:15:58.966 255.46 -50.34 -6.73
15:15:58.966 256.59 -50.45 -8.01
15:15:58.966 257.20 -50.56 -9.29
15:15:59.001 257.21 -50.66 -10.58
15:15:59.001 258.23 -50.74 -11.87
15:15:59.001 260.22 -50.80 -13.18
15:15:59.001 262.65 -50.82 -14.49
15:15:59.036 264.88 -50.82 -15.80
15:15:59.036 266.76 -50.80 -17.12
15:15:59.070 268.14 -50.76 -18.45
15:15:59.070 269.11 -50.70 -19.77
15:15:59.070 270.29 -50.61 -21.11
15:15:59.103 271.72 -50.50 -22.44
15:15:59.103 273.01 -50.37 -23.79
15:15:59.137 273.75 -50.22 -25.15
15:15:59.137 274.09 -50.05 -26.52
15:15:59.137 273.73 -49.87 -27.89
15:15:59.170 273.20 -49.65 -29.27
15:15:59.170 272.77 -49.39 -30.64
15:15:59.170 272.44 -49.09 -32.00
15:15:59.204 272.44 -48.74 -33.35
15:15:59.204 272.03 -48.34 -34.69
15:15:59.237 272.68 -47.90 -36.00
15:15:59.237 273.68 -47.41 -37.29
15:15:59.237 275.53 -46.89 -38.54
15:15:59.272 277.62 -46.36 -39.76
15:15:59.272 279.03 -45.82 -40.94
15:15:59.272 277.71 -45.29 -42.07
15:15:59.272 274.74 -44.76 -43.12
15:15:59.306 272.59 -44.19 -44.08
15:15:59.306 272.01 -43.59 -44.93
15:15:59.340 272.85 -42.95 -45.66
15:15:59.340 274.35 -42.26 -46.27
15:15:59.340 276.03 -41.55 -46.79
15:15:59.374 277.73 -40.83 -47.21
15:15:59.374 279.89 -40.12 -47.54
15:15:59.374 281.68 -39.43 -47.79
15:15:59.407 283.31 -38.76 -47.94
15:15:59.407 284.62 -38.12 -48.02
15:15:59.441 285.79 -37.50 -48.02
15:15:59.441 286.91 -36.92 -47.95
15:15:59.441 288.08 -36.37 -47.81
15:15:59.475 289.10 -35.85 -47.61
15:15:59.475 290.03 -35.37 -47.35
15:15:59.475 290.93 -34.91 -47.03
15:15:59.509 291.62 -34.49 -46.67
15:15:59.509 292.25 -34.11 -46.26
15:15:59.542 292.77 -33.75 -45.83
15:15:59.542 293.31 -33.42 -45.37
15:15:59.542 293.92 -33.11 -44.89
15:15:59.577 294.40 -32.84 -44.39
15:15:59.577 294.77 -32.58 -43.88
15:15:59.577 295.12 -32.35 -43.36
15:15:59.577 295.26 -32.14 -42.84
15:15:59.610 295.30 -31.95 -42.32
15:15:59.610 295.46 -31.77 -41.79
15:15:59.646 295.88 -31.61 -41.28
15:15:59.646 296.41 -31.45 -40.77
15:15:59.646 297.10 -31.30 -40.28
15:15:59.679 297.88 -31.16 -39.80
15:15:59.679 298.53 -31.03 -39.34
15:15:59.679 299.02 -30.92 -38.89
15:15:59.714 299.33 -30.81 -38.45
15:15:59.714 299.59 -30.71 -38.03
15:15:59.747 299.67 -30.62 -37.63
15:15:59.747 299.73 -30.53 -37.24
15:15:59.747 299.74 -30.44 -36.86
15:15:59.781 299.55 -30.36 -36.50
15:15:59.781 298.80 -30.26 -36.14
15:15:59.815 299.05 -30.16 -35.79
15:15:59.815 299.18 -30.05 -35.45
15:15:59.815 299.55 -29.93 -35.10
15:15:59.850 300.12 -29.81 -34.76
15:15:59.850 300.57 -29.69 -34.42
15:15:59.850 300.70 -29.57 -34.08
15:15:59.850 300.49 -29.46 -33.74
15:15:59.884 300.49 -29.34 -33.41
15:15:59.884 300.34 -29.21 -33.10
15:15:59.884 300.34 -29.08 -32.80
15:15:59.919 300.29 -28.92 -32.52
15:15:59.919 300.18 -28.76 -32.24
15:15:59.954 300.13 -28.57 -31.98
15:15:59.954 299.96 -28.38 -31.72
15:15:59.954 299.45 -28.17 -31.47
15:15:59.989 299.19 -27.94 -31.23
15:15:59.989 298.46 -27.70 -30.99
15:16:00.024 297.59 -27.44 -30.75
15:16:00.024 297.41 -27.15 -30.51
15:16:00.024 296.90 -26.83 -30.26
15:16:00.024 296.46 -26.47 -30.01
15:16:00.058 296.37 -26.06 -29.74
15:16:00.058 296.83 -25.61 -29.46
15:16:00.058 297.42 -25.12 -29.15
15:16:00.092 298.03 -24.61 -28.85
15:16:00.092 298.67 -24.07 -28.54
15:16:00.092 299.04 -23.53 -28.24
15:16:00.126 298.95 -22.99 -27.97
15:16:00.126 298.39 -22.44 -27.71
15:16:00.161 297.86 -21.89 -27.48
15:16:00.161 297.56 -21.33 -27.28
15:16:00.161 297.57 -20.75 -27.09
15:16:00.196 297.56 -20.16 -26.92
15:16:00.196 297.27 -19.56 -26.77
15:16:00.231 296.47 -18.94 -26.65
15:16:00.231 295.60 -18.31 -26.55
15:16:00.231 295.08 -17.66 -26.47
15:16:00.265 294.76 -17.00 -26.40
15:16:00.265 295.02 -16.31 -26.36
15:16:00.265 295.36 -15.62 -26.34
15:16:00.265 295.43 -14.93 -26.34
15:16:00.299 294.86 -14.25 -26.37
15:16:00.299 294.05 -13.59 -26.44
15:16:00.299 293.01 -12.92 -26.53
15:16:00.332 292.06 -12.25 -26.66
15:16:00.332 291.79 -11.58 -26.82
15:16:00.367 292.88 -10.90 -27.02
15:16:00.367 293.76 -10.24 -27.24
15:16:00.367 293.94 -9.60 -27.51
15:16:00.402 293.30 -8.98 -27.82
15:16:00.402 292.19 -8.39 -28.17
15:16:00.402 291.20 -7.82 -28.57
15:16:00.437 290.85 -7.28 -29.01
15:16:00.437 291.66 -6.75 -29.49
15:16:00.472 293.10 -6.26 -30.01
15:16:00.472 294.94 -5.82 -30.57
15:16:00.472 296.97 -5.45 -31.17
15:16:00.472 298.22 -5.17 -31.80
15:16:00.507 298.76 -4.98 -32.47
15:16:00.507 298.01 -4.87 -33.18
15:16:00.507 298.01 -4.85 -33.92
15:16:00.541 297.99 -4.91 -34.70
15:16:00.541 298.08 -5.06 -35.51
15:16:00.576 298.45 -5.30 -36.34
15:16:00.576 298.02 -5.63 -37.20
15:16:00.576 297.87 -6.03 -38.08
15:16:00.611 298.64 -6.51 -38.98
15:16:00.611 300.36 -7.06 -39.91
15:16:00.646 302.14 -7.68 -40.87
15:16:00.646 302.42 -8.38 -41.88
15:16:00.646 301.00 -9.14 -42.92
15:16:00.681 300.78 -9.98 -43.99
15:16:00.681 301.19 -10.89 -45.07
15:16:00.681 302.20 -11.86 -46.18
15:16:00.681 304.13 -12.89 -47.31
15:16:00.715 308.80 -14.00 -48.46
15:16:00.715 316.80 -15.21 -49.63
15:16:00.715 325.74 -16.55 -50.80
15:16:00.750 332.54 -18.05 -51.93
15:16:00.750 337.68 -19.74 -53.01
15:16:00.785 341.61 -21.62 -54.02
15:16:00.785 344.93 -23.69 -54.93
15:16:00.785 347.00 -25.93 -55.75
15:16:00.820 349.23 -28.33 -56.46
15:16:00.820 350.96 -30.88 -57.06
15:16:00.854 351.90 -33.56 -57.57
15:16:00.854 352.11 -36.35 -57.97
15:16:00.854 352.78 -39.23 -58.29
15:16:00.889 352.91 -42.18 -58.52
15:16:00.889 351.77 -45.19 -58.66
15:16:00.889 350.19 -48.21 -58.73
15:16:00.889 349.24 -51.22 -58.73
15:16:00.924 349.28 -54.21 -58.67
15:16:00.924 349.79 -57.15 -58.56
15:16:00.924 350.53 -60.05 -58.39
15:16:00.959 351.02 -62.89 -58.18
15:16:00.959 351.31 -65.68 -57.93
15:16:00.993 351.50 -68.40 -57.64
15:16:00.993 351.60 -71.06 -57.33
15:16:00.993 351.34 -73.64 -56.98
15:16:01.027 350.74 -76.15 -56.61
15:16:01.027 349.74 -78.57 -56.22
15:16:01.061 348.67 -80.88 -55.81
15:16:01.061 347.41 -83.09 -55.39
15:16:01.061 346.17 -85.17 -54.95
15:16:01.096 344.99 -87.13 -54.50
15:16:01.096 343.74 -88.96 -54.04
15:16:01.096 342.25 -90.64 -53.57
15:16:01.096 340.55 -92.18 -53.10
15:16:01.131 338.78 -93.58 -52.62
15:16:01.131 336.50 -94.82 -52.13
15:16:01.131 334.08 -95.89 -51.64
15:16:01.166 331.99 -96.79 -51.14
15:16:01.166 330.08 -97.53 -50.63
15:16:01.201 328.37 -98.10 -50.12
15:16:01.201 326.90 -98.51 -49.61
15:16:01.201 325.62 -98.77 -49.10
15:16:01.236 324.35 -98.90 -48.59
15:16:01.236 323.00 -98.90 -48.09
15:16:01.271 321.29 -98.78 -47.59
15:16:01.271 318.79 -98.56 -47.10
15:16:01.271 315.49 -98.24 -46.61
15:16:01.271 312.04 -97.81 -46.11
15:16:01.306 308.98 -97.28 -45.61
15:16:01.306 306.34 -96.65 -45.09
15:16:01.306 304.25 -95.90 -44.56
15:16:01.341 302.88 -95.06 -44.01
15:16:01.341 301.86 -94.12 -43.46
15:16:01.341 301.09 -93.11 -42.90
15:16:01.375 300.32 -92.03 -42.33
15:16:01.375 299.40 -90.90 -41.77
15:16:01.410 298.84 -89.74 -41.20
15:16:01.410 298.19 -88.55 -40.63
15:16:01.410 297.48 -87.34 -40.05
15:16:01.444 296.65 -86.12 -39.47
15:16:01.444 295.83 -84.88 -38.89
15:16:01.444 295.07 -83.64 -38.30
15:16:01.479 294.38 -82.39 -37.70
15:16:01.479 293.61 -81.14 -37.09
15:16:01.479 292.57 -79.91 -36.48
15:16:01.514 291.31 -78.67 -35.84
15:16:01.514 290.65 -77.45 -35.19
15:16:01.514 290.10 -76.22 -34.50
15:16:01.548 289.57 -75.00 -33.79
15:16:01.548 289.11 -73.78 -33.06
15:16:01.548 288.75 -72.56 -32.31
15:16:01.581 288.30 -71.36 -31.54
15:16:01.581 287.62 -70.18 -30.76
15:16:01.616 286.58 -69.02 -29.98
15:16:01.616 285.29 -67.88 -29.17
15:16:01.616 284.13 -66.74 -28.35
15:16:01.651 283.20 -65.61 -27.49
15:16:01.651 283.46 -64.46 -26.59
15:16:01.651 283.71 -63.31 -25.66
15:16:01.685 283.85 -62.16 -24.70
15:16:01.685 283.90 -61.01 -23.71
15:16:01.719 283.92 -59.88 -22.72
15:16:01.719 284.00 -58.78 -21.72
15:16:01.719 284.17 -57.70 -20.73
15:16:01.719 284.38 -56.65 -19.75
15:16:01.753 284.56 -55.64 -18.79
15:16:01.753 284.69 -54.68 -17.85
15:16:01.753 285.18 -53.75 -16.92
15:16:01.787 285.57 -52.86 -16.03
15:16:01.787 285.96 -52.01 -15.16
15:16:01.822 286.40 -51.21 -14.31
15:16:01.822 286.87 -50.43 -13.49
15:16:01.822 287.31 -49.69 -12.70
15:16:01.855 287.70 -48.97 -11.92
15:16:01.855 288.06 -48.26 -11.16
15:16:01.855 288.34 -47.59 -10.42
15:16:01.890 288.63 -46.93 -9.72
15:16:01.890 289.38 -46.31 -9.05
15:16:01.925 290.18 -45.71 -8.41
15:16:01.925 290.95 -45.14 -7.80
15:16:01.925 291.59 -44.58 -7.22
15:16:01.958 292.12 -44.04 -6.66
15:16:01.958 292.57 -43.52 -6.12
15:16:01.992 292.93 -43.01 -5.59
15:16:01.992 293.25 -42.52 -5.08
15:16:01.992 293.64 -42.06 -4.59
15:16:01.992 294.11 -41.62 -4.12
15:16:02.027 294.75 -41.21 -3.66
15:16:02.027 295.35 -40.81 -3.23
15:16:02.027 295.83 -40.44 -2.81
15:16:02.062 296.37 -40.08 -2.41
15:16:02.062 296.99 -39.75 -2.04
15:16:02.062 297.40 -39.43 -1.69
15:16:02.096 297.69 -39.12 -1.35
15:16:02.096 297.91 -38.83 -1.02
15:16:02.129 298.17 -38.56 -0.69
15:16:02.129 298.88 -38.30 -0.39
15:16:02.129 298.93 -38.06 -0.11
15:16:02.165 299.14 -37.82 0.13
15:16:02.165 299.59 -37.60 0.34
15:16:02.198 300.10 -37.41 0.48
15:16:02.198 300.17 -37.23 0.56
15:16:02.198 300.10 -37.06 0.60
15:16:02.198 300.11 -36.89 0.63
15:16:02.233 300.12 -36.71 0.69
15:16:02.233 299.81 -36.51 0.79
15:16:02.233 299.63 -36.29 0.91
15:16:02.267 299.59 -36.06 1.03
15:16:02.267 300.09 -35.83 1.12
15:16:02.267 300.84 -35.60 1.17
15:16:02.302 301.60 -35.36 1.20
15:16:02.302 302.27 -35.12 1.22
15:16:02.335 302.79 -34.86 1.23
15:16:02.335 303.01 -34.58 1.27
15:16:02.335 303.25 -34.29 1.33
15:16:02.369 303.15 -33.98 1.39
15:16:02.369 303.07 -33.65 1.45
15:16:02.369 303.33 -33.32 1.49
15:16:02.404 303.85 -32.98 1.50
15:16:02.404 304.52 -32.61 1.52
15:16:02.439 305.07 -32.22 1.54
15:16:02.439 305.82 -31.81 1.55
15:16:02.439 306.41 -31.39 1.54
15:16:02.439 307.22 -30.97 1.48
15:16:02.473 307.69 -30.56 1.38
15:16:02.473 308.30 -30.16 1.27
15:16:02.473 308.84 -29.77 1.17
15:16:02.507 309.07 -29.37 1.10
15:16:02.507 309.47 -28.98 1.04
15:16:02.542 310.26 -28.61 0.99
15:16:02.542 311.05 -28.26 0.92
15:16:02.542 311.94 -27.91 0.82
15:16:02.577 312.68 -27.58 0.72
15:16:02.577 313.15 -27.27 0.61
15:16:02.577 313.51 -26.96 0.51
15:16:02.610 313.91 -26.67 0.43
15:16:02.610 314.39 -26.40 0.36
15:16:02.645 314.95 -26.14 0.29
15:16:02.645 315.62 -25.91 0.21
15:16:02.645 316.35 -25.69 0.13
15:16:02.679 317.10 -25.50 0.04
15:16:02.679 317.99 -25.33 -0.05
15:16:02.679 318.43 -25.19 -0.12
15:16:02.679 319.25 -25.07 -0.18
15:16:02.714 320.23 -24.99 -0.25
15:16:02.714 321.10 -24.94 -0.34
15:16:02.749 321.26 -24.92 -0.46
15:16:02.749 321.28 -24.90 -0.59
15:16:02.749 321.09 -24.88 -0.72
15:16:02.783 319.97 -24.84 -0.83
15:16:02.783 318.98 -24.79 -0.90
15:16:02.817 318.45 -24.73 -0.97
15:16:02.817 318.01 -24.66 -1.03
15:16:02.817 317.61 -24.59 -1.11
15:16:02.851 317.24 -24.53 -1.22
15:16:02.851 316.89 -24.46 -1.35
15:16:02.851 316.54 -24.39 -1.50
15:16:02.885 316.17 -24.32 -1.66
15:16:02.885 315.75 -24.25 -1.83
15:16:02.919 315.32 -24.17 -1.98
15:16:02.919 314.91 -24.09 -2.11
15:16:02.919 314.54 -24.01 -2.24
15:16:02.919 314.22 -23.92 -2.35
15:16:02.954 313.96 -23.83 -2.45
15:16:02.954 313.73 -23.75 -2.55
15:16:02.954 313.52 -23.66 -2.64
15:16:02.989 313.33 -23.58 -2.73
15:16:02.989 313.15 -23.49 -2.82
15:16:03.024 312.96 -23.41 -2.90
15:16:03.024 312.79 -23.33 -2.97
15:16:03.024 312.51 -23.25 -3.04
15:16:03.059 312.25 -23.17 -3.10
15:16:03.059 312.02 -23.09 -3.16
15:16:03.059 311.81 -23.01 -3.21
15:16:03.093 311.62 -22.94 -3.25
15:16:03.093 311.45 -22.86 -3.29
15:16:03.127 311.29 -22.79 -3.33
15:16:03.127 311.15 -22.72 -3.36
15:16:03.127 311.02 -22.66 -3.39
15:16:03.127 310.89 -22.59 -3.41
15:16:03.162 310.84 -22.53 -3.44
15:16:03.162 310.78 -22.47 -3.46
15:16:03.162 310.73 -22.41 -3.47
15:16:03.197 310.68 -22.35 -3.49
15:16:03.197 310.63 -22.30 -3.50
15:16:03.197 310.58 -22.24 -3.51
15:16:03.232 310.54 -22.19 -3.51
15:16:03.232 310.50 -22.14 -3.51
15:16:03.267 310.47 -22.09 -3.51
15:16:03.267 310.44 -22.05 -3.51
15:16:03.267 310.08 -22.00 -3.51
15:16:03.301 309.77 -21.96 -3.51
15:16:03.301 309.49 -21.92 -3.51
15:16:03.334 309.24 -21.88 -3.51
15:16:03.334 309.02 -21.85 -3.51
15:16:03.334 308.82 -21.81 -3.52
15:16:03.334 308.63 -21.79 -3.52
15:16:03.369 308.47 -21.76 -3.52
15:16:03.369 308.31 -21.73 -3.53
15:16:03.369 308.18 -21.71 -3.53
15:16:03.402 308.05 -21.69 -3.54
15:16:03.402 308.08 -21.66 -3.55
15:16:03.402 308.10 -21.64 -3.55
15:16:03.438 308.18 -21.62 -3.55
15:16:03.438 308.30 -21.61 -3.55
15:16:03.473 308.37 -21.60 -3.55
15:16:03.473 308.38 -21.58 -3.55
15:16:03.473 308.36 -21.57 -3.55
15:16:03.506 308.36 -21.56 -3.54
15:16:03.506 308.36 -21.54 -3.54
15:16:03.539 308.37 -21.52 -3.54
15:16:03.539 308.45 -21.51 -3.54
15:16:03.539 308.52 -21.49 -3.54
15:16:03.573 308.57 -21.48 -3.54
15:16:03.573 308.60 -21.46 -3.54
15:16:03.573 308.64 -21.45 -3.54
15:16:03.573 308.67 -21.43 -3.54
15:16:03.608 308.68 -21.42 -3.53
15:16:03.608 308.70 -21.40 -3.53
15:16:03.608 308.72 -21.39 -3.52
15:16:03.641 308.73 -21.37 -3.50
15:16:03.641 308.75 -21.36 -3.49
15:16:03.675 308.77 -21.35 -3.48
15:16:03.675 308.78 -21.34 -3.47
15:16:03.675 308.79 -21.32 -3.46
15:16:03.708 308.80 -21.31 -3.44
15:16:03.708 308.81 -21.30 -3.43
15:16:03.743 308.82 -21.29 -3.42
15:16:03.743 308.82 -21.28 -3.40
15:16:03.743 308.83 -21.27 -3.39
15:16:03.778 308.83 -21.26 -3.38
15:16:03.778 308.84 -21.26 -3.36
15:16:03.778 309.05 -21.25 -3.35
15:16:03.812 309.23 -21.24 -3.34
15:16:03.812 309.39 -21.24 -3.32
15:16:03.846 309.54 -21.23 -3.31
15:16:03.846 309.68 -21.22 -3.30
15:16:03.846 309.81 -21.22 -3.28
15:16:03.878 309.92 -21.21 -3.27
15:16:03.878 310.03 -21.21 -3.25
15:16:03.878 310.12 -21.20 -3.24
15:16:03.878 310.21 -21.20 -3.23
15:16:03.913 310.21 -21.20 -3.21
15:16:03.913 310.22 -21.19 -3.20
15:16:03.947 310.23 -21.19 -3.18
15:16:03.947 310.25 -21.18 -3.17
15:16:03.947 310.26 -21.18 -3.16
15:16:03.981 310.28 -21.18 -3.15
15:16:03.981 310.29 -21.18 -3.14
15:16:03.981 310.29 -21.18 -3.14
15:16:04.016 310.30 -21.17 -3.13
15:16:04.016 310.30 -21.17 -3.12
15:16:04.051 310.08 -21.17 -3.12
15:16:04.051 309.90 -21.16 -3.12
15:16:04.051 309.74 -21.16 -3.12
15:16:04.086 309.60 -21.16 -3.12
15:16:04.086 309.45 -21.17 -3.13
15:16:04.086 309.32 -21.17 -3.14
15:16:04.086 309.19 -21.18 -3.15
15:16:04.121 309.07 -21.18 -3.16
15:16:04.121 308.97 -21.18 -3.17
15:16:04.121 308.88 -21.19 -3.18
15:16:04.155 308.80 -21.19 -3.19
15:16:04.155 308.69 -21.19 -3.20
15:16:04.189 308.59 -21.20 -3.21
15:16:04.189 308.49 -21.20 -3.23
15:16:04.189 308.39 -21.20 -3.24
15:16:04.222 308.29 -21.21 -3.25
15:16:04.222 308.21 -21.21 -3.26
15:16:04.255 308.14 -21.21 -3.27
15:16:04.255 308.08 -21.21 -3.28
15:16:04.255 308.01 -21.21 -3.29
15:16:04.289 307.96 -21.21 -3.30
15:16:04.289 308.07 -21.21 -3.31
15:16:04.289 308.17 -21.21 -3.31
15:16:04.324 308.25 -21.20 -3.32
15:16:04.324 308.31 -21.20 -3.32
15:16:04.356 308.38 -21.20 -3.32
15:16:04.356 308.43 -21.19 -3.32
15:16:04.356 308.49 -21.19 -3.31
15:16:04.390 308.54 -21.18 -3.31
15:16:04.390 308.59 -21.17 -3.30
15:16:04.390 308.63 -21.17 -3.30
15:16:04.390 308.67 -21.16 -3.29
15:16:04.424 308.70 -21.16 -3.28
15:16:04.424 308.73 -21.15 -3.27
15:16:04.461 308.76 -21.15 -3.26
15:16:04.461 308.80 -21.14 -3.25
15:16:04.461 308.82 -21.14 -3.25
15:16:04.492 308.85 -21.13 -3.24
15:16:04.492 308.88 -21.13 -3.23
15:16:04.492 308.90 -21.13 -3.22
15:16:04.526 308.91 -21.13 -3.22
15:16:04.526 308.99 -21.12 -3.21
15:16:04.560 309.05 -21.12 -3.20
15:16:04.560 309.12 -21.11 -3.20
15:16:04.560 309.17 -21.11 -3.19
15:16:04.594 309.23 -21.11 -3.18
15:16:04.594 309.27 -21.10 -3.17
15:16:04.631 309.32 -21.10 -3.17
15:16:04.631 309.36 -21.09 -3.16
15:16:04.631 309.41 -21.09 -3.15
15:16:04.631 309.44 -21.09 -3.15
15:16:04.665 309.48 -21.08 -3.14
15:16:04.665 309.48 -21.08 -3.14
15:16:04.665 309.48 -21.08 -3.13
15:16:04.697 309.48 -21.08 -3.13
15:16:04.697 309.48 -21.07 -3.13
15:16:04.697 309.49 -21.07 -3.12
15:16:04.731 309.49 -21.07 -3.12
15:16:04.731 309.49 -21.07 -3.12
15:16:04.767 309.49 -21.07 -3.12
15:16:04.767 309.49 -21.07 -3.12
15:16:04.767 309.50 -21.07 -3.12
15:16:04.798 309.29 -21.07 -3.12
15:16:04.798 309.11 -21.08 -3.12
15:16:04.798 308.94 -21.08 -3.12
15:16:04.832 308.80 -21.08 -3.12
15:16:04.832 308.66 -21.09 -3.13
15:16:04.866 308.54 -21.09 -3.14
15:16:04.866 308.43 -21.10 -3.15
15:16:04.866 308.32 -21.10 -3.16
15:16:04.900 308.23 -21.11 -3.16
15:16:04.900 308.14 -21.12 -3.17
15:16:04.936 308.36 -21.12 -3.18
15:16:04.936 308.55 -21.12 -3.19
15:16:04.936 308.72 -21.13 -3.19
15:16:04.936 308.87 -21.13 -3.20
15:16:04.968 309.01 -21.13 -3.20
15:16:04.968 309.13 -21.13 -3.20
15:16:04.968 309.24 -21.13 -3.20
15:16:05.003 309.35 -21.13 -3.20
15:16:05.003 309.44 -21.12 -3.20
15:16:05.003 309.53 -21.12 -3.19
15:16:05.037 309.61 -21.11 -3.19
15:16:05.037 309.40 -21.11 -3.18
15:16:05.072 309.21 -21.11 -3.18
15:16:05.072 309.05 -21.10 -3.17
15:16:05.072 308.90 -21.10 -3.17
15:16:05.106 308.78 -21.11 -3.17
15:16:05.106 308.66 -21.11 -3.17
15:16:05.140 308.55 -21.11 -3.18
15:16:05.140 308.45 -21.12 -3.18
15:16:05.140 308.36 -21.12 -3.18
15:16:05.174 308.28 -21.13 -3.19
15:16:05.174 308.20 -21.13 -3.20
15:16:05.174 308.13 -21.14 -3.20
15:16:05.174 308.06 -21.15 -3.21
15:16:05.210 308.00 -21.15 -3.21
15:16:05.210 307.94 -21.16 -3.22
15:16:05.210 307.88 -21.16 -3.22
15:16:05.243 307.83 -21.17 -3.23
15:16:05.243 307.78 -21.17 -3.23
15:16:05.278 307.73 -21.17 -3.23
15:16:05.278 307.70 -21.18 -3.24
15:16:05.278 308.02 -21.18 -3.24
15:16:05.312 308.29 -21.18 -3.24
15:16:05.312 308.54 -21.18 -3.24
15:16:05.346 308.75 -21.18 -3.23
15:16:05.346 308.95 -21.17 -3.23
15:16:05.346 309.13 -21.16 -3.22
15:16:05.382 309.29 -21.15 -3.21
15:16:05.382 309.46 -21.14 -3.19
15:16:05.382 309.60 -21.13 -3.18
15:16:05.382 309.73 -21.12 -3.17
15:16:05.414 309.85 -21.11 -3.15
15:16:05.414 309.70 -21.10 -3.14
15:16:05.414 309.58 -21.09 -3.13
15:16:05.448 309.47 -21.08 -3.12
15:16:05.448 309.38 -21.07 -3.11
15:16:05.483 309.29 -21.06 -3.10
15:16:05.483 309.23 -21.06 -3.10
15:16:05.483 309.17 -21.05 -3.09
15:16:05.516 309.11 -21.05 -3.09
15:16:05.516 309.05 -21.05 -3.09
15:16:05.516 309.00 -21.05 -3.10
15:16:05.550 308.91 -21.05 -3.10
15:16:05.550 308.83 -21.05 -3.10
15:16:05.585 308.75 -21.06 -3.11
15:16:05.585 308.69 -21.06 -3.11
15:16:05.585 308.63 -21.06 -3.12
15:16:05.620 308.57 -21.07 -3.12
15:16:05.620 308.52 -21.07 -3.13
15:16:05.654 308.48 -21.08 -3.14
15:16:05.654 308.43 -21.09 -3.14
15:16:05.654 308.38 -21.09 -3.15
15:16:05.654 308.53 -21.10 -3.15
15:16:05.688 308.67 -21.10 -3.16
15:16:05.688 308.78 -21.11 -3.16
15:16:05.688 308.89 -21.11 -3.17
15:16:05.723 308.98 -21.11 -3.17
15:16:05.723 309.07 -21.11 -3.17
15:16:05.723 309.15 -21.11 -3.16
15:16:05.757 309.22 -21.11 -3.16
15:16:05.757 309.28 -21.11 -3.16
15:16:05.795 309.34 -21.11 -3.15
15:16:05.795 309.39 -21.11 -3.15
15:16:05.795 309.31 -21.10 -3.14
15:16:05.826 309.24 -21.10 -3.14
15:16:05.826 309.19 -21.10 -3.13
15:16:05.859 309.14 -21.10 -3.13
15:16:05.859 309.10 -21.09 -3.13
15:16:05.859 309.06 -21.09 -3.13
15:16:05.893 309.03 -21.09 -3.13
15:16:05.893 308.99 -21.09 -3.13
15:16:05.893 308.96 -21.09 -3.13
15:16:05.893 308.93 -21.09 -3.13
15:16:05.926 308.91 -21.09 -3.13
15:16:05.926 308.88 -21.09 -3.13
15:16:05.926 308.86 -21.09 -3.13
15:16:05.959 308.84 -21.09 -3.13
15:16:05.959 308.82 -21.09 -3.13
15:16:05.994 308.81 -21.08 -3.13
15:16:05.994 308.79 -21.08 -3.14
15:16:05.994 308.78 -21.08 -3.14
15:16:06.029 308.77 -21.08 -3.14
15:16:06.029 308.77 -21.08 -3.14
15:16:06.063 308.67 -21.09 -3.14
15:16:06.063 308.59 -21.09 -3.14
15:16:06.063 308.51 -21.09 -3.15
15:16:06.096 308.45 -21.09 -3.15
15:16:06.096 308.38 -21.09 -3.15
15:16:06.096 308.33 -21.09 -3.16
15:16:06.130 308.28 -21.10 -3.16
15:16:06.130 308.23 -21.10 -3.16
15:16:06.166 308.19 -21.10 -3.17
15:16:06.166 308.14 -21.10 -3.17
15:16:06.166 308.10 -21.10 -3.17
15:16:06.166 308.22 -21.11 -3.18
15:16:06.198 308.32 -21.11 -3.18
15:16:06.198 308.41 -21.11 -3.18
15:16:06.198 308.49 -21.11 -3.18
15:16:06.233 308.57 -21.11 -3.18
15:16:06.233 308.63 -21.11 -3.18
15:16:06.233 308.69 -21.11 -3.18
15:16:06.267 308.75 -21.11 -3.18
15:16:06.267 308.80 -21.11 -3.17
15:16:06.301 308.85 -21.11 -3.17